 * Serving Flask app "app" (lazy loading)
 * Environment: production
   WARNING: This is a development server. Do not use it in a production deployment.
   Use a production WSGI server instead.
 * Debug mode: off
0.432255
0.387462
0.336280
0.333679
0.343599
0.339885
0.375159
0.341490
0.340996
0.333834
0.379394
0.338293
0.336315
0.339981
0.335819
0.374287
0.337287
0.335350
0.337309
0.400903
0.338404
0.342607
0.336088
0.343930
0.373896
0.339747
0.337509
0.337161
0.374329
0.337103
0.335494
0.337404
0.340467
0.380134
0.335988
0.336055
0.337344
0.380289
0.340236
0.348115
0.344835
0.375484
0.347795
0.336548
0.337438
0.344060
0.382176
0.346705
0.342212
0.336800
0.335360
0.402855
0.340303
0.334017
0.345773
0.337418
0.374360
0.347315
0.336216
0.334747
0.345842
0.382658
0.340759
0.338983
0.338039
0.379186
0.336062
0.332205
0.348374
0.336727
0.373876
0.340328
0.332341
0.335347
0.351025
0.384016
0.336947
0.338550
0.337535
0.337742
0.388972
0.335037
0.368472
0.338667
0.338706
0.372725
0.340552
0.336570
0.342987
0.379471
0.338098
0.338865
0.342564
0.335955
0.375830
0.339697
0.335527
0.339406
0.380876
0.335919

 * Serving Flask app "app" (lazy loading)
 * Environment: production
   WARNING: This is a development server. Do not use it in a production deployment.
   Use a production WSGI server instead.
 * Debug mode: off
0.363449
0.302580
0.262471
0.254441
0.252027
0.267044
0.293643
0.253383
0.253469
0.261801
0.252461
0.291678
0.264828
0.259270
0.252362
0.253170
0.306033
0.253315
0.253071
0.255462
0.316118
0.267895
0.255505
0.255799
0.297102
0.253824
0.258682
0.253795
0.298541
0.252631
0.266008
0.273216
0.253906
0.297841
0.254898
0.268180
0.254332
0.295103
0.267926
0.253104
0.254211
0.257443
0.296836
0.260256
0.257318
0.254258
0.293830
0.256038
0.255255
0.254842
0.260274
0.296512
0.254449
0.256860
0.257416
0.245344
0.303186
0.261094
0.247550
0.262429
0.293837
0.254030
0.261294
0.252931
0.256143
0.294086
0.258148
0.287773
0.262800
0.330658
0.257799
0.254370
0.253076
0.300019
0.256913
0.252349
0.252605
0.259969
0.294914
0.254407
0.254477
0.262375
0.288622
0.252450
0.253548
0.260757
0.253413
0.292488
0.253452
0.254779
0.253188
0.291758
0.263557
0.268991
0.254715
0.295777
0.267974
0.253061
0.261898
0.293846

 * Serving Flask app "app" (lazy loading)
 * Environment: production
   WARNING: This is a development server. Do not use it in a production deployment.
   Use a production WSGI server instead.
 * Debug mode: off
0.352806
0.297019
0.294508
0.283603
0.293375
0.276322
0.233157
0.239194
0.243063
0.269399
0.244541
0.228946
0.241208
0.231613
0.269127
0.230462
0.245159
0.231703
0.279051
0.231458
0.242886
0.233682
0.279305
0.233965
0.247890
0.238391
0.278123
0.235053
0.276844
0.243578
0.235217
0.273012
0.237950
0.246539
0.232059
0.232951
0.274276
0.236474
0.231955
0.232634
0.271643
0.240100
0.232388
0.237956
0.304536
0.257433
0.287985
0.233973
0.299946
0.236353
0.232713
0.242469
0.274219
0.270951
0.243226
0.244573
0.267597
0.234955
0.273430
0.238769
0.249577
0.242570
0.234070
0.275799
0.258532
0.229170
0.240316
0.261963
0.292316
0.242522
0.235313
0.254600
0.292673
0.230373
0.230936
0.239233
0.242174
0.275676
0.250606
0.233293
0.227182
0.301526
0.237422
0.235671
0.241712
0.238834
0.275833
0.247838
0.251720
0.248774
0.248524
0.267599
0.239988
0.242789
0.237417
0.238728
0.274765
0.238848
0.231775
0.231505

 * Serving Flask app "app" (lazy loading)
 * Environment: production
   WARNING: This is a development server. Do not use it in a production deployment.
   Use a production WSGI server instead.
 * Debug mode: off
0.335180
0.274791
0.241412
0.221981
0.228922
0.234207
0.270239
0.224364
0.231536
0.233734
0.246606
0.263725
0.225135
0.282449
0.296066
0.292396
0.227303
0.223521
0.230151
0.265960
0.243475
0.249830
0.240882
0.271076
0.240951
0.225367
0.238259
0.274087
0.231179
0.262372
0.331777
0.221254
0.300476
0.227351
0.244021
0.226091
0.263715
0.231474
0.241869
0.225012
0.263864
0.226263
0.228388
0.232223
0.223149
0.221193
0.263753
0.233376
0.230869
0.229492
0.260488
0.229857
0.223064
0.222113
0.224363
0.286471
0.227261
0.223740
0.223144
0.277138
0.226585
0.226094
0.224134
0.230448
0.275586
0.228371
0.227129
0.223692
0.230785
0.262588
0.224672
0.230134
0.255127
0.229904
0.226834
0.265573
0.230307
0.232084
0.224174
0.263864
0.224774
0.232730
0.220331
0.224440
0.264177
0.240495
0.230408
0.222140
0.233333
0.271454
0.232927
0.223802
0.225949
0.237309
0.277516
0.228700
0.228298
0.227108
0.241243
0.263532

