0.000965
0.177200
0.015010
0.014170
0.014080
0.013286
0.013410
0.013378
0.013456
0.013726
0.013622
0.014630
0.015250
0.013738
0.013348
0.014207
0.013689
0.014678
0.014285
0.013405

0.306820
0.258161
0.218012
0.218192
0.217981
0.218092
0.218612
0.218845
0.257174
0.218042
0.218414
0.216669
0.216809
0.216892
0.256327
0.216364
0.216896
0.217587
0.218102
0.227778

0.487697
0.351821
0.351408
0.393910
0.348698
0.349956
0.393975
0.508537
0.347534
0.393153
0.345742
0.349522
0.385807
0.347488
0.350227
0.391933
0.348453
0.348898
0.400447
0.372021

0.589423
0.537352
0.487128
0.532225
0.491977
0.541286
0.492445
0.539058
0.492105
0.532644
0.490871
0.536763
0.490226
0.533189
0.490995
0.490468
0.525382
0.495177
0.526801
0.492689

0.769295
0.641087
0.672785
0.673291
0.629249
0.674039
0.694773
0.635588
0.678837
0.631373
0.664944
0.684878
0.630408
0.669788
0.684107
0.628617
0.676842
0.728852
0.628822
0.677153

0.103080
0.009973
0.010360
0.009881
0.009870
0.009838
0.009861
0.010001
0.009922
0.009760
0.010265
0.009842
0.009798
0.009906
0.009745
0.010283
0.010093
0.009888
0.010313
0.009685

0.267723
0.129268
0.170864
0.129064
0.175648
0.129250
0.173126
0.128784
0.175835
0.127559
0.176118
0.129553
0.127632
0.165262
0.128433
0.165050
0.129958
0.171986
0.127080
0.170161

0.371224
0.283372
0.278652
0.281425
0.280493
0.281042
0.279712
0.284829
0.281239
0.279480
0.287319
0.290559
0.287139
0.285213
0.293251
0.293299
0.290027
0.295414
0.287693
0.285798

0.500651
0.456591
0.400383
0.452480
0.402294
0.392588
0.444862
0.394226
0.445164
0.402637
0.447724
0.405153
0.454477
0.407905
0.393719
0.461193
0.397179
0.452195
0.399740
0.454092

0.716251
0.617730
0.636986
0.639476
0.625776
0.755591
0.617467
0.569165
0.625799
0.600430
0.602378
0.645596
0.567214
0.612088
0.660758
0.629964
0.648546
0.611928
0.584737
0.622359

0.112561
0.014813
0.015405
0.038222
0.015323
0.015443
0.015065
0.015049
0.020761
0.015473
0.016566
0.014845
0.014992
0.014762
0.014875
0.014765
0.014793
0.014932
0.014970
0.015835

0.275343
0.134295
0.177653
0.133847
0.178098
0.129319
0.177612
0.132306
0.175829
0.130082
0.179831
0.132541
0.131838
0.169339
0.129980
0.166795
0.132669
0.171775
0.130860
0.170314

0.378041
0.275994
0.271626
0.274338
0.275412
0.275384
0.274848
0.279952
0.282501
0.275583
0.282871
0.279002
0.277821
0.277551
0.278384
0.275337
0.280631
0.280286
0.282921
0.281529

0.491600
0.451663
0.391576
0.453876
0.393439
0.379819
0.439296
0.382920
0.434906
0.386973
0.441878
0.384803
0.447958
0.391645
0.385170
0.429347
0.384843
0.432750
0.382386
0.438151

0.660645
0.569228
0.562465
0.562713
0.562214
0.561172
0.572283
0.492460
0.536472
0.537335
0.581067
0.534640
0.544252
0.550341
0.539521
0.548950
0.551662
0.564206
0.557603
0.558285

0.116660
0.013014
0.013061
0.015341
0.014297
0.015687
0.013244
0.012682
0.013958
0.017339
0.012567
0.016320
0.016693
0.013625
0.012397
0.012714
0.012794
0.013338
0.012500
0.013715

45.730812
45.576561
45.863933
46.509920
46.249844
46.696159
46.196289
46.400061
46.911504
46.533894
46.391981
46.658020
45.857100
46.291978
46.207693
46.260134
46.373537
46.529254
46.337833
46.136748

149.040451
148.628135
149.175548
149.302168
149.256883
150.008692
152.069977
149.698355
149.534692
149.553638
149.228078
149.152530
148.673047
149.629771
149.123610
149.014520
149.173485
149.817381
149.225541
149.866206

311.056853
311.809720
313.241000
310.585159
312.429493
311.940988
311.748146
312.288682
313.860493
312.074051
313.033146
312.197075
312.711692
311.826748
313.486333
311.708974
311.134318
311.534972
311.904249
312.307619

534.573596
538.576484
535.287882
534.179907
533.050216
532.141956
533.106643
535.626483
532.605344
532.994247
537.896101
539.692061
538.118828
537.490776
539.467401
539.687116
537.788563
539.840720
540.552674
541.498645

