0.08600997924804688
0.012257099151611328
0.012158870697021484
0.012243270874023438
0.012460708618164062
0.012128829956054688
0.012016057968139648
0.016705036163330078
0.012304067611694336
0.012202024459838867
0.012305974960327148
0.012102842330932617
0.012141704559326172
0.015110969543457031
0.012399911880493164
0.012543916702270508
0.012404918670654297
0.012135982513427734
0.013459205627441406
0.012151956558227539

0.012188196182250977
0.012003183364868164
0.012145757675170898
0.01213979721069336
0.012311220169067383
0.012217998504638672
0.012120962142944336
0.012344121932983398
0.012104034423828125
0.012068033218383789
0.012025117874145508
0.012151956558227539
0.012015104293823242
0.012212991714477539
0.01212000846862793
0.012166976928710938
0.012151718139648438
0.012112140655517578
0.012147188186645508
0.01376795768737793

0.01821422576904297
0.01227116584777832
0.012364625930786133
0.01231527328491211
0.012967109680175781
0.012295246124267578
0.012075185775756836
0.011896133422851562
0.012122869491577148
0.012146234512329102
0.012298107147216797
0.01207876205444336
0.012253999710083008
0.01205301284790039
0.012145757675170898
0.013647794723510742
0.01211404800415039
0.012107133865356445
0.011982917785644531
0.01214909553527832

0.01520395278930664
0.012061119079589844
0.012380838394165039
0.012073993682861328
0.012157917022705078
0.01205587387084961
0.011996030807495117
0.012282848358154297
0.012074947357177734
0.012309074401855469
0.011820077896118164
0.012051820755004883
0.012466192245483398
0.012017965316772461
0.012158870697021484
0.01194906234741211
0.012295961380004883
0.012012004852294922
0.01230311393737793
0.01232004165649414

0.015007972717285156
0.01235508918762207
0.012358903884887695
0.012078046798706055
0.012004852294921875
0.01238703727722168
0.012209892272949219
0.012390851974487305
0.012178182601928711
0.012057065963745117
0.012061119079589844
0.01231074333190918
0.012101888656616211
0.012211322784423828
0.012782096862792969
0.012060880661010742
0.012509822845458984
0.01211690902709961
0.012244939804077148
0.012335062026977539

0.013289928436279297
0.012171030044555664
0.012115001678466797
0.012064933776855469
0.01219487190246582
0.012176036834716797
0.012103796005249023
0.012005090713500977
0.012083053588867188
0.012067079544067383
0.012214183807373047
0.012284040451049805
0.012064933776855469
0.012197732925415039
0.012090921401977539
0.012034177780151367
0.012256860733032227
0.012156009674072266
0.012664079666137695
0.01214289665222168

0.012124776840209961
0.015694856643676758
0.012243270874023438
0.01233673095703125
0.012089729309082031
0.012394905090332031
0.012092828750610352
0.01218414306640625
0.012094974517822266
0.012291908264160156
0.012354135513305664
0.01220703125
0.012135028839111328
0.012166976928710938
0.012359857559204102
0.012156009674072266
0.012115955352783203
0.012284994125366211
0.012079000473022461
0.012182950973510742

0.013165950775146484
0.012233972549438477
0.012784719467163086
0.012390851974487305
0.012322187423706055
0.012198925018310547
0.012104988098144531
0.01212310791015625
0.01546335220336914
0.012080907821655273
0.01238703727722168
0.012310028076171875
0.012251853942871094
0.012362957000732422
0.012096166610717773
0.012242794036865234
0.012170076370239258
0.012137889862060547
0.012077093124389648
0.012218952178955078

0.013741731643676758
0.012054204940795898
0.012556076049804688
0.012064933776855469
0.012108087539672852
0.01224207878112793
0.012279033660888672
0.012480020523071289
0.012094974517822266
0.012059211730957031
0.012281179428100586
0.012196063995361328
0.012247085571289062
0.01205301284790039
0.012120962142944336
0.01225900650024414
0.012333154678344727
0.01206207275390625
0.012248754501342773
0.012120962142944336

0.024301767349243164
0.012463808059692383
0.016095876693725586
0.012350797653198242
0.012717723846435547
0.012925863265991211
0.012295961380004883
0.011905670166015625
0.012086629867553711
0.012171030044555664
0.017361879348754883
0.012115955352783203
0.012621164321899414
0.01263284683227539
0.012191057205200195
0.012343883514404297
0.014806032180786133
0.013213157653808594
0.012204647064208984
0.012078046798706055

0.012093067169189453
0.012056827545166016
0.012156963348388672
0.012265920639038086
0.012167215347290039
0.012186765670776367
0.012301206588745117
0.01220393180847168
0.018831968307495117
0.012301921844482422
0.012883901596069336
0.01205897331237793
0.015194892883300781
0.012156963348388672
0.012234926223754883
0.012088775634765625
0.012092113494873047
0.011992931365966797
0.012354135513305664
0.012284040451049805

0.012237787246704102
0.012117147445678711
0.012735366821289062
0.012164831161499023
0.012196779251098633
0.012165069580078125
0.012221097946166992
0.01225423812866211
0.012218952178955078
0.012230873107910156
0.011987924575805664
0.012129068374633789
0.012063980102539062
0.011984825134277344
0.012232065200805664
0.012192010879516602
0.012029886245727539
0.013318061828613281
0.012698173522949219
0.012075185775756836

0.012109041213989258
0.012144804000854492
0.012163162231445312
0.012069225311279297
0.012243986129760742
0.012058734893798828
0.012112140655517578
0.012093782424926758
0.012011051177978516
0.013072729110717773
0.012344121932983398
0.012092828750610352
0.012252330780029297
0.012037992477416992
0.01223134994506836
0.012247085571289062
0.012169122695922852
0.012034893035888672
0.012187719345092773
0.012206077575683594

0.013397693634033203
0.012233972549438477
0.012154817581176758
0.012275934219360352
0.01394200325012207
0.012249231338500977
0.013027191162109375
0.012174129486083984
0.012261152267456055
0.01357889175415039
0.01227879524230957
0.012102842330932617
0.01207280158996582
0.01220393180847168
0.012127876281738281
0.012346029281616211
0.012178897857666016
0.012423038482666016
0.012193679809570312
0.012153863906860352

0.012185096740722656
0.012021064758300781
0.012135028839111328
0.011984825134277344
0.012068033218383789
0.012154817581176758
0.012250185012817383
0.01221466064453125
0.012263059616088867
0.012338876724243164
0.013175010681152344
0.012459993362426758
0.01215219497680664
0.012089967727661133
0.01208806037902832
0.013229131698608398
0.012150049209594727
0.012119770050048828
0.012420177459716797
0.012328147888183594

0.014049768447875977
0.012289762496948242
0.012266874313354492
0.01214289665222168
0.012424945831298828
0.012305736541748047
0.012665033340454102
0.01214289665222168
0.012475013732910156
0.01221013069152832
0.012463092803955078
0.012111902236938477
0.012511968612670898
0.013191938400268555
0.013690948486328125
0.01221013069152832
0.012140035629272461
0.0172271728515625
0.012321949005126953
0.012706995010375977

0.012370109558105469
0.012189149856567383
0.012420177459716797
0.012382984161376953
0.012192964553833008
0.012022018432617188
0.012336254119873047
0.01218414306640625
0.012348175048828125
0.012066125869750977
0.01198124885559082
0.012223005294799805
0.012146949768066406
0.01213979721069336
0.01227712631225586
0.0120391845703125
0.01194620132446289
0.01235508918762207
0.012187004089355469
0.01211690902709961

0.012375831604003906
0.01229405403137207
0.011921882629394531
0.012156963348388672
0.012091875076293945
0.012076139450073242
0.012444257736206055
0.012157917022705078
0.012241840362548828
0.012604951858520508
0.012187004089355469
0.012293100357055664
0.01204991340637207
0.012193679809570312
0.012199878692626953
0.012039899826049805
0.012063980102539062
0.012375116348266602
0.012077093124389648
0.012294292449951172

0.012250185012817383
0.011986970901489258
0.011993885040283203
0.012066841125488281
0.012020111083984375
0.012320995330810547
0.012147903442382812
0.012147188186645508
0.012118816375732422
0.01211690902709961
0.012371063232421875
0.012127876281738281
0.012193679809570312
0.012060165405273438
0.012267827987670898
0.01233816146850586
0.012489795684814453
0.01236104965209961
0.012179851531982422
0.012275934219360352

0.013382911682128906
0.012423992156982422
0.014642000198364258
0.01220393180847168
0.012247800827026367
0.012115001678466797
0.012166976928710938
0.012115001678466797
0.012412071228027344
0.012243270874023438
0.012099027633666992
0.01312708854675293
0.01220393180847168
0.01236724853515625
0.013128995895385742
0.012174844741821289
0.012188196182250977
0.012267827987670898
0.013229131698608398
0.013308048248291016

