std_digitalscan
2.4864659309387207
1.8553552627563477
0.6743025779724121
0.3326117992401123
0.3459172248840332
0.6193127632141113
0.32865023612976074
0.33867907524108887
2.351982831954956
3.5420050621032715
std_analogscan
3.5922951698303223
2.575463056564331
0.3388359546661377
0.33875060081481934
0.5011961460113525
0.32712554931640625
0.3276073932647705
0.6820571422576904
2.4887967109680176
3.360112428665161
std_thresholdscan
1.1377649307250977
0.6731641292572021
0.37551355361938477
0.46855831146240234
0.922825813293457
0.5278327465057373
0.47675466537475586
0.3392791748046875
0.455702543258667
0.33126139640808105
0.4765162467956543
0.3498575687408447
0.3353257179260254
0.5635802745819092
0.4016237258911133
0.33071351051330566
0.6574971675872803
0.3336195945739746
1.1025216579437256
0.3713724613189697
0.332136869430542
0.4013936519622803
0.3531346321105957
0.33684301376342773
0.35355567932128906
0.6311202049255371
0.38674497604370117
0.406268835067749
0.4315474033355713
0.45859599113464355
0.34147143363952637
1.1498048305511475
0.3993666172027588
0.33594632148742676
0.3389902114868164
0.3497915267944336
0.3328683376312256
0.756742000579834
0.8406264781951904
0.9017627239227295
0.4366297721862793
4.294435262680054
0.5381209850311279
4.0802085399627686
2.4918880462646484
0.4080696105957031
3.5165276527404785
0.34456849098205566
0.589144229888916
0.3439614772796631
0.4156162738800049
0.3548266887664795
0.743478536605835
0.3899860382080078
2.777780294418335
3.7516396045684814
std_totscan
4.5379478931427
3.5505340099334717
0.38664984703063965
0.35661983489990234
0.5658040046691895
0.4167368412017822
0.3476717472076416
0.3419208526611328
0.4259333610534668
0.35060954093933105
2.4365909099578857
3.6910057067871094
std_noisescan
3.488800048828125
1.7432005405426025
2.0979623794555664
0.7269339561462402
0.3594090938568115
0.674962043762207
0.37035322189331055
0.5288305282592773
2.551642894744873
3.3777129650115967
std_digitalscan
2.8093667030334473
2.3714773654937744
0.3250772953033447
0.7933127880096436
0.3463137149810791
0.6547534465789795
1.595012903213501
1.1352455615997314
2.7685256004333496
3.577488660812378
std_analogscan
3.892742395401001
2.624323844909668
0.3325352668762207
0.5182332992553711
0.3464386463165283
0.3324735164642334
1.065899133682251
0.3618628978729248
3.3722214698791504
3.597543478012085
std_thresholdscan
1.3869757652282715
0.3675811290740967
0.3344266414642334
0.6692407131195068
0.3363380432128906
0.35016679763793945
0.340925931930542
0.506669282913208
0.33436059951782227
0.35230064392089844
0.7660753726959229
0.35218286514282227
0.4505162239074707
0.41606569290161133
0.3614006042480469
0.33816075325012207
0.6054060459136963
0.3359687328338623
0.4134531021118164
0.3295903205871582
0.34154510498046875
0.42086338996887207
0.556220531463623
0.36420130729675293
0.3313941955566406
0.46306705474853516
0.6044096946716309
0.4383547306060791
0.8097765445709229
0.4618544578552246
0.4588160514831543
0.34417176246643066
0.9400146007537842
0.33313512802124023
0.6221375465393066
0.34084367752075195
0.4039168357849121
0.33506345748901367
0.3847923278808594
0.9995741844177246
0.5042798519134521
4.440312385559082
0.3958115577697754
4.141784191131592
2.3550260066986084
0.34006428718566895
3.1607940196990967
0.40819573402404785
0.6541340351104736
0.39122629165649414
0.36576414108276367
0.3655545711517334
0.695042610168457
0.3748645782470703
3.164520740509033
3.827101469039917
std_totscan
5.435693740844727
4.224989891052246
0.45502233505249023
0.6772663593292236
0.6948521137237549
0.4314093589782715
5.095445394515991
0.3741934299468994
0.7384746074676514
0.4160294532775879
2.8017423152923584
3.366581916809082
std_noisescan
3.866624116897583
2.6714274883270264
2.5674357414245605
1.7558119297027588
0.3623206615447998
0.7261312007904053
0.4246361255645752
0.3689403533935547
2.551079750061035
3.3264071941375732
std_digitalscan
3.2243151664733887
2.452096462249756
0.3209247589111328
0.5249929428100586
0.34290003776550293
0.3373544216156006
0.7688314914703369
0.37052130699157715
2.819481372833252
3.734158515930176
std_analogscan
3.650031805038452
2.1786372661590576
0.3614377975463867
0.823209285736084
0.3381166458129883
0.5786852836608887
0.34779882431030273
0.3880038261413574
2.526170492172241
3.7213220596313477
std_thresholdscan
1.0590572357177734
0.33347344398498535
0.3628957271575928
0.5180599689483643
0.5919275283813477
0.4151933193206787
0.37470555305480957
0.3375124931335449
0.3672158718109131
0.34618043899536133
0.3391885757446289
0.32728075981140137
0.6452000141143799
0.32065749168395996
0.41477346420288086
0.5339276790618896
0.3626828193664551
0.33583498001098633
0.5404126644134521
0.4872305393218994
0.40247321128845215
0.5014870166778564
0.4575991630554199
0.3355545997619629
0.6497898101806641
0.3483579158782959
0.351381778717041
0.691288948059082
0.34674501419067383
0.3383975028991699
0.35753417015075684
0.34409666061401367
0.40201711654663086
0.34774112701416016
0.5092847347259521
0.3413856029510498
0.6328017711639404
0.34723401069641113
0.5140030384063721
0.8266656398773193
0.901904821395874
4.08479118347168
0.5303170680999756
5.395097494125366
2.7391812801361084
0.3344743251800537
3.561807870864868
0.6119096279144287
0.4012787342071533
0.3393211364746094
0.5708441734313965
0.3463153839111328
0.41517090797424316
0.5365815162658691
3.135749340057373
3.244375467300415
std_totscan
4.61289119720459
3.42459774017334
0.3457820415496826
0.34526872634887695
0.524458646774292
0.38930368423461914
0.563244104385376
0.5766072273254395
0.7511978149414062
0.5735642910003662
2.7582154273986816
3.3405466079711914
std_noisescan
3.4647109508514404
2.3022778034210205
2.1029555797576904
0.42846131324768066
0.3570842742919922
0.37073588371276855
0.3637561798095703
0.619758129119873
2.074307680130005
3.330014705657959
std_digitalscan
2.8354437351226807
2.3590588569641113
0.6085395812988281
0.5152044296264648
0.32375526428222656
0.33496880531311035
0.594348669052124
0.6933448314666748
2.538241386413574
3.3005740642547607
std_analogscan
4.1400229930877686
2.808558464050293
0.33145833015441895
0.42684102058410645
0.3690335750579834
0.36415958404541016
0.3983440399169922
0.3390171527862549
2.1590027809143066
3.4970743656158447
std_thresholdscan
1.0802586078643799
0.6277210712432861
0.34032368659973145
0.3355419635772705
0.37845897674560547
0.6719174385070801
0.38219499588012695
0.33460545539855957
0.33771324157714844
0.35699915885925293
0.3274655342102051
0.32912659645080566
0.5285458564758301
0.5901350975036621
0.7135026454925537
0.3500370979309082
0.43444347381591797
0.3630709648132324
0.4443387985229492
0.32825493812561035
0.3552870750427246
0.45412278175354004
0.46094465255737305
0.348433256149292
0.6570999622344971
0.3669736385345459
0.34262609481811523
0.46188831329345703
0.46040964126586914
0.35008955001831055
0.6378669738769531
0.5777852535247803
0.43981432914733887
0.7101645469665527
0.6250102519989014
0.9529721736907959
0.8556616306304932
0.3512756824493408
0.5240657329559326
0.8631510734558105
0.4779677391052246
4.088465213775635
0.33903026580810547
4.074411869049072
2.4967126846313477
0.5697484016418457
3.322981357574463
0.4933927059173584
0.35503077507019043
0.384265661239624
0.6107015609741211
0.3344902992248535
0.3653244972229004
0.5770630836486816
2.9852428436279297
3.290529251098633
std_totscan
4.540664196014404
3.797767400741577
0.3460197448730469
0.3846614360809326
0.3566782474517822
0.5849370956420898
0.4016084671020508
0.6146824359893799
0.4880561828613281
0.34366774559020996
2.7790558338165283
3.3983733654022217
std_noisescan
3.6870226860046387
2.951420783996582
2.40694522857666
0.3541378974914551
0.6424307823181152
0.6822085380554199
0.6587624549865723
0.5043468475341797
3.104228973388672
3.8481485843658447
std_digitalscan
4.4840004444122314
2.971242904663086
1.7617886066436768
0.6291937828063965
0.34586334228515625
0.3454744815826416
0.59822678565979
0.3748624324798584
2.9246392250061035
3.8027184009552
std_analogscan
4.4966208934783936
2.8477163314819336
0.6051814556121826
0.45832157135009766
0.3784506320953369
0.6716113090515137
0.47177910804748535
0.34635376930236816
3.042997121810913
3.2729074954986572
std_thresholdscan
1.08213472366333
0.5029764175415039
0.479583740234375
0.3451652526855469
0.6278543472290039
0.3444678783416748
0.3271021842956543
0.7972991466522217
0.33453941345214844
0.6322357654571533
0.6844332218170166
0.7889025211334229
0.3388552665710449
0.3500998020172119
0.9676384925842285
0.39660072326660156
0.3709876537322998
0.48664093017578125
0.333820104598999
0.39687657356262207
0.37406349182128906
0.339780330657959
1.2311944961547852
0.44419288635253906
1.0127182006835938
0.6358537673950195
2.2755610942840576
1.8565785884857178
1.4722344875335693
1.2672028541564941
0.47161436080932617
0.39493346214294434
0.8075392246246338
0.35538530349731445
0.8053529262542725
0.719670295715332
1.665893793106079
0.6674003601074219
0.4236760139465332
2.1846582889556885
1.2986443042755127
4.4906229972839355
0.4003283977508545
5.494895696640015
2.6493444442749023
0.3881552219390869
5.796844244003296
0.356351375579834
2.7646126747131348
0.5225837230682373
1.404545783996582
1.316880226135254
1.4188668727874756
0.38620758056640625
3.884692430496216
3.642258644104004
std_totscan
4.593820333480835
4.0172669887542725
1.6740736961364746
0.5922458171844482
1.3311190605163574
0.45166921615600586
0.4577453136444092
1.0865437984466553
0.6376192569732666
0.5466868877410889
3.0667526721954346
4.419280290603638
std_noisescan
4.060686349868774
2.7804994583129883
2.309480905532837
0.8034114837646484
0.4458911418914795
0.3540980815887451
0.8556766510009766
0.539982795715332
5.422095060348511
4.371267080307007
std_digitalscan
2.7255356311798096
2.885591983795166
1.0771973133087158
0.453446626663208
2.2069156169891357
0.6076200008392334
0.4273500442504883
0.35586094856262207
3.637721300125122
3.2822160720825195
std_analogscan
3.7938616275787354
3.024847984313965
0.35695838928222656
0.5617580413818359
0.4253830909729004
0.3901340961456299
0.615039587020874
0.34945011138916016
2.768900156021118
3.668365240097046
std_thresholdscan
2.602367639541626
0.3310582637786865
0.6487038135528564
0.3364377021789551
0.37067079544067383
0.6751358509063721
0.3435332775115967
0.33872175216674805
0.5496797561645508
0.3789253234863281
0.41013669967651367
0.8385488986968994
0.4646608829498291
1.1339845657348633
0.7346029281616211
0.37131786346435547
0.40532684326171875
0.5304927825927734
0.3938257694244385
0.33721184730529785
0.47153353691101074
0.5829029083251953
0.34184741973876953
0.3613111972808838
0.4085197448730469
0.5988011360168457
0.33441591262817383
0.40781116485595703
0.7897326946258545
0.3488466739654541
0.33834004402160645
0.4654886722564697
0.33530688285827637
0.3612062931060791
0.6136281490325928
0.35009074211120605
0.44683289527893066
0.3640320301055908
0.33848047256469727
1.030595302581787
0.7425751686096191
4.053496360778809
0.3559441566467285
4.061463356018066
2.4775421619415283
0.5596263408660889
5.327290773391724
0.34842753410339355
0.34578800201416016
0.6289231777191162
0.3445708751678467
0.34338974952697754
0.7526509761810303
0.4257938861846924
2.917565107345581
3.2570383548736572
std_totscan
4.755914688110352
3.5580286979675293
0.35467076301574707
0.7447781562805176
0.5354123115539551
0.3590266704559326
0.46360111236572266
1.1460936069488525
1.1282274723052979
1.620551586151123
3.4198567867279053
8.208575963973999
std_noisescan
3.449702501296997
2.595761775970459
2.6804144382476807
1.261821985244751
0.5333786010742188
0.644843578338623
0.6450378894805908
0.8589632511138916
2.7585701942443848
3.510545492172241
std_digitalscan
5.323259353637695
3.1795525550842285
0.3271157741546631
0.5775127410888672
0.3422977924346924
0.33914828300476074
0.5641000270843506
0.3777282238006592
2.529400110244751
3.401310443878174
std_analogscan
3.436899423599243
1.9695203304290771
0.6357841491699219
0.3395349979400635
0.33495068550109863
0.8092327117919922
0.3254575729370117
0.4459359645843506
2.2801311016082764
3.5282320976257324
std_thresholdscan
1.243955373764038
0.43614768981933594
0.3439784049987793
0.34595489501953125
0.34709882736206055
0.35547876358032227
0.3553750514984131
0.4168679714202881
0.42380261421203613
1.1602442264556885
0.5114214420318604
2.3839054107666016
0.9411828517913818
0.5441973209381104
0.39717698097229004
0.5877330303192139
0.33222174644470215
0.3565552234649658
0.35068559646606445
0.4502418041229248
0.3671603202819824
0.38511228561401367
0.7339036464691162
0.36046934127807617
0.7157878875732422
0.3525667190551758
0.3463592529296875
0.4536550045013428
0.8431596755981445
0.4843010902404785
0.3911898136138916
0.36630940437316895
0.36455202102661133
0.3683485984802246
1.2037711143493652
0.828291654586792
0.5784387588500977
0.6850647926330566
0.7254025936126709
0.8450820446014404
0.49207639694213867
3.871213674545288
1.0726425647735596
5.028416633605957
2.9818646907806396
0.36324453353881836
3.5955650806427
0.9372677803039551
0.4756762981414795
0.4774301052093506
0.5646018981933594
0.35312914848327637
0.37227964401245117
0.6443982124328613
6.10965895652771
3.3117597103118896
std_totscan
4.634943723678589
4.082921266555786
1.0979819297790527
0.63387131690979
0.3429605960845947
0.3597292900085449
0.35315632820129395
0.35897374153137207
0.5823674201965332
0.3604278564453125
3.3987274169921875
3.4390227794647217
std_noisescan
4.577238082885742
2.551342487335205
2.227696180343628
0.3632211685180664
0.9411420822143555
0.7855110168457031
0.3431529998779297
0.34920597076416016
2.6627871990203857
3.5641703605651855
std_digitalscan
2.6018600463867188
2.4218814373016357
0.33312034606933594
0.3273046016693115
0.9330658912658691
0.33435511589050293
0.42413330078125
0.805422306060791
2.8542895317077637
3.5909879207611084
std_analogscan
4.070221424102783
2.496936559677124
0.5068466663360596
0.3663475513458252
0.3291800022125244
0.530226469039917
0.3516526222229004
0.32503747940063477
2.410043954849243
3.4377517700195312
std_thresholdscan
1.1095893383026123
0.5294885635375977
0.34656620025634766
0.4206383228302002
0.4665412902832031
0.32474613189697266
0.36348843574523926
0.5306172370910645
0.5704388618469238
0.4633181095123291
0.33226895332336426
0.8802695274353027
0.4060077667236328
0.350236177444458
0.34836268424987793
0.37215566635131836
0.42641139030456543
1.122720718383789
0.36066627502441406
0.566967248916626
0.42107701301574707
0.35852670669555664
0.38616228103637695
0.5168788433074951
0.39976978302001953
0.3408241271972656
0.974595308303833
0.3875856399536133
0.3756868839263916
0.4728569984436035
0.5670664310455322
0.6585423946380615
0.8567361831665039
0.3407607078552246
0.3308722972869873
0.33118152618408203
0.53515625
0.3832433223724365
1.0807623863220215
1.1722843647003174
0.3378920555114746
4.2529616355896
0.3441731929779053
5.713615894317627
2.812164306640625
0.40980005264282227
4.285789966583252
0.4069864749908447
0.3519937992095947
0.3335146903991699
0.538801908493042
0.5781948566436768
0.9373962879180908
0.360593318939209
2.608444929122925
3.6361992359161377
std_totscan
4.720066547393799
3.709199905395508
0.5905284881591797
0.40099143981933594
0.35075855255126953
0.6368188858032227
0.3774263858795166
0.46132516860961914
0.37326788902282715
0.4562230110168457
2.6162071228027344
3.493403434753418
std_noisescan
4.4269914627075195
2.2293379306793213
2.7180216312408447
0.3924250602722168
0.3625915050506592
0.7812337875366211
1.0712018013000488
0.5177128314971924
2.5474793910980225
3.381127119064331
std_digitalscan
3.3869712352752686
3.334606170654297
1.569669485092163
0.7816441059112549
1.2067201137542725
0.48779940605163574
0.33992552757263184
0.33629918098449707
2.964312791824341
6.618737697601318
std_analogscan
3.622891426086426
2.711956262588501
2.1239404678344727
0.7067010402679443
0.8464024066925049
0.4741842746734619
1.257303237915039
0.6272909641265869
2.6225290298461914
4.3380560874938965
std_thresholdscan
1.0389940738677979
0.33917951583862305
0.8721950054168701
0.34427976608276367
0.42618894577026367
0.39339494705200195
0.5746104717254639
0.7076685428619385
0.7708041667938232
0.39772963523864746
0.33086442947387695
0.7467625141143799
0.41340184211730957
0.37711405754089355
0.36887288093566895
0.7798888683319092
0.33527684211730957
0.4928247928619385
0.3469419479370117
0.35084962844848633
0.36822938919067383
0.3697166442871094
0.3564629554748535
0.3324460983276367
0.8320138454437256
0.38122129440307617
0.32521748542785645
0.32865357398986816
0.33945441246032715
0.36295127868652344
0.36200904846191406
0.33066439628601074
0.3303239345550537
0.6809933185577393
0.3934025764465332
0.3348500728607178
0.45027685165405273
0.38216686248779297
0.3309774398803711
0.8459267616271973
0.5067787170410156
4.564079999923706
0.4467029571533203
4.383862733840942
2.5093047618865967
0.42363953590393066
3.583228826522827
0.4721791744232178
0.42206454277038574
1.2575409412384033
0.43579673767089844
1.4274036884307861
0.450681209564209
0.3415257930755615
3.1387033462524414
3.4173619747161865
std_totscan
4.6466779708862305
3.9654695987701416
0.3416323661804199
0.36042070388793945
0.34522318840026855
0.4713139533996582
0.34253740310668945
0.3433363437652588
0.34314608573913574
0.34648704528808594
2.5633668899536133
3.4708802700042725
std_noisescan
4.181017160415649
2.591310501098633
2.3182766437530518
0.3615102767944336
0.558297872543335
0.44229602813720703
0.5180139541625977
0.8531050682067871
2.501201629638672
3.543505907058716
std_digitalscan
3.040760040283203
2.1869218349456787
0.33773064613342285
0.4046347141265869
0.4161217212677002
0.39257359504699707
0.326643705368042
0.42733168601989746
2.1262969970703125
3.6562981605529785
std_analogscan
4.055615186691284
2.5824801921844482
0.5305256843566895
0.6642625331878662
0.43254685401916504
0.3825492858886719
0.5242705345153809
0.34522175788879395
3.492702007293701
3.451885938644409
std_thresholdscan
1.2106757164001465
0.3344392776489258
0.4064490795135498
0.9395780563354492
0.34284543991088867
0.3314955234527588
0.6925709247589111
0.41684865951538086
0.6304731369018555
0.448657751083374
0.36071157455444336
0.7321312427520752
0.5685770511627197
0.4852161407470703
0.33127903938293457
0.4312450885772705
0.34731268882751465
0.640221357345581
0.3455827236175537
0.33318424224853516
0.39177989959716797
0.3318514823913574
0.34255337715148926
0.558952808380127
0.32563066482543945
0.4089624881744385
0.5104777812957764
0.7832090854644775
0.5057790279388428
0.3493061065673828
0.3489513397216797
0.5356202125549316
0.32779908180236816
0.33916378021240234
0.371628999710083
0.33304333686828613
0.3551604747772217
0.34156179428100586
0.39783549308776855
0.8522381782531738
0.8272693157196045
3.9713175296783447
0.3544650077819824
3.7395827770233154
2.50472354888916
0.5066471099853516
4.650473594665527
0.6717038154602051
0.3952198028564453
0.3291957378387451
0.5788998603820801
0.35762643814086914
0.8130736351013184
0.448195219039917
5.163192987442017
3.4119174480438232
std_totscan
5.3967955112457275
4.810683250427246
0.4765803813934326
0.3988535404205322
1.2438950538635254
0.33939433097839355
0.6878921985626221
0.649712324142456
0.4609260559082031
0.8410048484802246
3.2891900539398193
3.3673646450042725
std_noisescan
4.101316690444946
2.6347968578338623
2.6256954669952393
0.3460381031036377
0.3522810935974121
0.4051487445831299
0.9669651985168457
0.3692913055419922
3.699033260345459
3.539991855621338
std_digitalscan
3.498577833175659
2.5177626609802246
0.5665571689605713
0.3827693462371826
0.3545398712158203
0.6031560897827148
0.44724345207214355
0.9099581241607666
3.856699228286743
4.129436731338501
std_analogscan
3.7112138271331787
2.6562881469726562
0.3887343406677246
0.3657660484313965
0.6293761730194092
0.6593978404998779
0.631364107131958
0.6944990158081055
2.5148696899414062
8.560441970825195
std_thresholdscan
1.433631181716919
0.7541651725769043
0.46997570991516113
0.4382748603820801
0.74489426612854
0.5862581729888916
0.6157803535461426
0.9491317272186279
0.6739723682403564
0.8414254188537598
0.40029335021972656
0.3969004154205322
0.33476710319519043
0.34408998489379883
0.45310020446777344
1.0492489337921143
0.3642754554748535
0.34699082374572754
0.3501472473144531
0.336406946182251
0.3751497268676758
0.39087462425231934
0.4138970375061035
0.5134179592132568
0.4881706237792969
0.683661937713623
0.35146474838256836
0.67877197265625
0.5580394268035889
0.4061601161956787
0.5730776786804199
0.3879847526550293
0.3549656867980957
0.46816325187683105
0.34454965591430664
0.5782568454742432
0.7385702133178711
0.3515744209289551
0.7120962142944336
0.9288275241851807
0.7493624687194824
4.7389302253723145
0.3478553295135498
4.634878635406494
3.096987724304199
0.34457921981811523
3.1994857788085938
0.3935821056365967
0.6001451015472412
0.35671234130859375
0.36103320121765137
0.5765295028686523
0.3430900573730469
0.43422579765319824
3.1394340991973877
3.5679433345794678
std_totscan
4.588794708251953
5.538774490356445
0.3492305278778076
0.6240675449371338
0.5008707046508789
0.36281538009643555
0.3421974182128906
0.3395669460296631
0.35201358795166016
0.5869567394256592
2.6934783458709717
3.8443024158477783
std_noisescan
3.651076316833496
2.6157054901123047
2.3903074264526367
0.6558949947357178
0.355269193649292
0.35849475860595703
0.34923648834228516
0.35755324363708496
2.0374276638031006
3.5827462673187256
std_digitalscan
2.890279531478882
2.6280698776245117
0.41075754165649414
0.3408384323120117
0.42743682861328125
0.4204416275024414
1.0964345932006836
0.7114760875701904
2.528485059738159
3.2666561603546143
std_analogscan
3.860783815383911
2.3182647228240967
0.685584545135498
0.336376428604126
0.3385918140411377
0.7857780456542969
0.3622429370880127
0.5709841251373291
4.589677333831787
3.4523515701293945
std_thresholdscan
1.075476884841919
0.3263554573059082
0.6483702659606934
0.3507702350616455
0.46195030212402344
0.6835658550262451
0.43004298210144043
0.3383641242980957
0.5409460067749023
0.33320164680480957
0.5694434642791748
0.46177005767822266
0.33863258361816406
0.7137012481689453
0.43175339698791504
0.3899822235107422
0.4182305335998535
0.3455238342285156
0.6970412731170654
0.3418099880218506
0.32970404624938965
0.3562777042388916
0.34492993354797363
0.3568696975708008
0.5720551013946533
0.6044981479644775
0.4869976043701172
0.3789033889770508
1.55704665184021
0.4062941074371338
0.9054038524627686
0.3506138324737549
0.33060359954833984
0.7266569137573242
0.3429231643676758
0.5089066028594971
0.42897844314575195
0.3579695224761963
0.5481822490692139
1.218576192855835
0.3804922103881836
3.8365840911865234
0.3586392402648926
3.7713077068328857
2.2723677158355713
0.5823073387145996
4.237227201461792
0.7552824020385742
0.655066728591919
0.3888096809387207
0.368044376373291
0.6584281921386719
0.40262675285339355
0.3562436103820801
3.01619553565979
3.8641862869262695
std_totscan
4.5814528465271
3.6317098140716553
0.6979494094848633
0.35814714431762695
0.3575479984283447
0.37719082832336426
0.34028077125549316
0.3562660217285156
0.3655359745025635
0.34537601470947266
3.2083137035369873
3.226656675338745
std_noisescan
3.5930750370025635
1.9499711990356445
2.4161782264709473
0.599618673324585
0.7103593349456787
0.7518157958984375
0.4177546501159668
0.6411750316619873
2.8386852741241455
3.340836524963379
std_digitalscan
3.044476270675659
2.5364201068878174
0.5548226833343506
1.1311240196228027
0.3495800495147705
0.9402391910552979
0.8284647464752197
0.5342116355895996
4.433969736099243
3.5920443534851074
std_analogscan
4.10357141494751
2.4337549209594727
0.35056114196777344
0.35576963424682617
0.8019864559173584
0.43160462379455566
0.6578023433685303
0.441603422164917
2.951956272125244
5.381311655044556
std_thresholdscan
1.3353493213653564
0.35894346237182617
0.4121978282928467
0.3651409149169922
0.6268458366394043
0.4614748954772949
0.3439161777496338
0.42276835441589355
0.3995704650878906
0.7669031620025635
0.37056636810302734
1.9962761402130127
1.4300496578216553
0.4885995388031006
0.6836671829223633
0.8779008388519287
0.4339275360107422
0.3804965019226074
0.36072587966918945
1.2815697193145752
0.605687141418457
0.6419475078582764
0.46042585372924805
1.1376478672027588
0.6265201568603516
0.3372304439544678
0.9434652328491211
2.4655613899230957
1.2581157684326172
1.0891916751861572
1.3533904552459717
0.7312383651733398
1.3584356307983398
1.3712668418884277
0.5951478481292725
0.967597484588623
1.6869616508483887
0.3426082134246826
0.590308427810669
0.9768126010894775
0.5037691593170166
5.386835336685181
0.3687596321105957
4.505992412567139
2.601797342300415
0.9058365821838379
4.104918479919434
0.35570287704467773
0.3826324939727783
0.720470666885376
0.417370080947876
0.33948230743408203
0.623828649520874
0.3615565299987793
2.626309633255005
3.6366422176361084
std_totscan
5.113363265991211
5.632883548736572
0.39396142959594727
0.35953378677368164
0.436415433883667
0.6021389961242676
0.3436257839202881
0.3700449466705322
0.5075109004974365
0.7193658351898193
2.552255153656006
3.8542871475219727
std_noisescan
4.50463080406189
3.1785058975219727
2.2363688945770264
0.3600747585296631
1.0374643802642822
0.4694192409515381
1.3924002647399902
1.136751413345337
2.7090139389038086
3.365191698074341
std_digitalscan
3.691683292388916
3.2348215579986572
0.9974215030670166
1.1222333908081055
0.43790340423583984
1.0219218730926514
0.9339056015014648
0.5007092952728271
4.173718690872192
4.6663758754730225
std_analogscan
3.9322903156280518
2.1987555027008057
0.6447460651397705
0.7416627407073975
0.5100948810577393
0.3281540870666504
0.5020139217376709
0.37847018241882324
4.226467132568359
3.626599073410034
std_thresholdscan
1.4268250465393066
0.4544715881347656
0.3399467468261719
0.48869895935058594
0.33573436737060547
0.6361956596374512
0.33692288398742676
0.3241305351257324
0.6338729858398438
0.37160420417785645
0.32974934577941895
0.3856852054595947
0.3620889186859131
0.7624504566192627
0.33468103408813477
0.33329057693481445
0.9342076778411865
0.3407769203186035
0.3453075885772705
0.542170524597168
0.626049280166626
0.3373286724090576
0.3619954586029053
0.4582657814025879
0.34034156799316406
0.8586716651916504
0.3358020782470703
0.3290212154388428
0.6928050518035889
0.3384702205657959
0.4548001289367676
0.5643312931060791
0.33364033699035645
0.3870067596435547
0.6555929183959961
0.4394264221191406
0.9252510070800781
0.40161895751953125
0.44930100440979004
0.9433026313781738
0.35144734382629395
3.9609789848327637
0.35542869567871094
4.629400253295898
3.5318892002105713
0.36767077445983887
4.71287989616394
0.5006103515625
0.3401477336883545
0.34698939323425293
0.42328953742980957
0.6184995174407959
0.4489717483520508
0.377166748046875
3.1768646240234375
3.2853455543518066
std_totscan
4.571252822875977
4.263882875442505
0.48193812370300293
0.3671610355377197
0.3493797779083252
0.4843292236328125
0.440274715423584
0.6370887756347656
0.36173510551452637
0.34100866317749023
2.851405143737793
3.684443235397339
std_noisescan
4.051239252090454
2.35054349899292
1.9287164211273193
0.3623945713043213
0.3519432544708252
0.6269714832305908
0.3745763301849365
0.36803483963012695
2.6275360584259033
3.4306344985961914
std_digitalscan
3.397913694381714
3.928180456161499
0.33173394203186035
0.33047008514404297
0.3339226245880127
0.9813838005065918
1.5391831398010254
0.6830174922943115
4.206964015960693
4.498318672180176
std_analogscan
3.662193536758423
2.3781630992889404
0.5287590026855469
0.37842440605163574
0.35938143730163574
0.4551835060119629
0.36464381217956543
0.33338189125061035
2.295044183731079
3.2656362056732178
std_thresholdscan
1.1092653274536133
0.36104750633239746
0.8304455280303955
0.572859525680542
1.4636876583099365
0.33562350273132324
0.48819756507873535
0.4152829647064209
0.3311128616333008
0.3495302200317383
0.6239743232727051
0.3327181339263916
0.4228501319885254
0.3503539562225342
0.5050859451293945
0.3403916358947754
0.7025527954101562
0.663926362991333
0.45576953887939453
0.48151278495788574
0.35881471633911133
0.5722854137420654
0.3348066806793213
0.8058464527130127
0.3876156806945801
0.7489678859710693
0.3550539016723633
0.38057780265808105
0.43598222732543945
0.37772154808044434
0.33716320991516113
0.3723599910736084
0.338672399520874
0.4357292652130127
0.4603140354156494
0.701606273651123
0.7578961849212646
0.34958457946777344
0.470257043838501
0.8892970085144043
0.36364221572875977
3.745093584060669
0.34004831314086914
3.9408481121063232
3.3127999305725098
0.665658712387085
3.8202173709869385
0.6320986747741699
0.5031752586364746
0.3591499328613281
0.3408088684082031
0.3994405269622803
0.43477964401245117
0.7408890724182129
3.2961249351501465
3.2973406314849854
std_totscan
4.457271099090576
3.563058376312256
0.3553431034088135
0.48726797103881836
0.6151959896087646
0.6749722957611084
0.5059161186218262
0.3735222816467285
0.9927670955657959
0.40971922874450684
3.956568956375122
3.6423404216766357
std_noisescan
3.674771547317505
2.2323076725006104
2.433819055557251
0.5247793197631836
0.469249963760376
0.3554048538208008
0.5316510200500488
0.36725711822509766
2.6382031440734863
3.4293017387390137
std_digitalscan
3.2850942611694336
3.5635015964508057
0.73274827003479
0.3317844867706299
0.3484208583831787
0.7275793552398682
0.3309359550476074
0.3489062786102295
2.908214569091797
5.474710702896118
std_analogscan
3.832245111465454
3.236816883087158
0.4084136486053467
0.33055830001831055
0.33726048469543457
0.35225343704223633
0.34960150718688965
0.37552738189697266
2.51328182220459
3.837907075881958
std_thresholdscan
1.1241374015808105
0.3865542411804199
0.3251068592071533
0.7667427062988281
0.39029550552368164
0.5679433345794678
0.33144712448120117
0.3303971290588379
0.7130703926086426
0.3250617980957031
0.44698405265808105
0.44710874557495117
0.33849287033081055
0.36018919944763184
0.3400728702545166
0.5366816520690918
0.7741124629974365
0.9266631603240967
0.3379490375518799
0.3308229446411133
0.9082372188568115
0.3536360263824463
0.33819103240966797
0.3596954345703125
0.3311018943786621
0.38831233978271484
0.35952186584472656
0.4065895080566406
0.35671329498291016
0.3250386714935303
0.5327599048614502
0.33717918395996094
0.3467214107513428
0.3567376136779785
0.45184779167175293
0.35352540016174316
0.3314816951751709
0.5395224094390869
0.3431062698364258
1.1346652507781982
0.5561339855194092
4.318770170211792
0.3445413112640381
4.206734657287598
3.392141580581665
0.39295196533203125
3.999183416366577
0.4215433597564697
0.37428712844848633
0.6639418601989746
0.3518233299255371
0.6158509254455566
0.4894983768463135
0.43456602096557617
2.6227951049804688
3.9442648887634277
std_totscan
5.4588563442230225
4.656776189804077
0.687840461730957
0.35368871688842773
0.3589470386505127
0.6753318309783936
0.3513529300689697
0.38308215141296387
0.8622245788574219
0.3591785430908203
2.6501591205596924
3.6366679668426514
std_noisescan
3.943894863128662
2.191037654876709
2.01273775100708
0.4952542781829834
0.35381221771240234
0.5594160556793213
0.35480332374572754
0.5197679996490479
2.677931547164917
3.3059163093566895
std_digitalscan
3.6162731647491455
4.036529779434204
1.969235897064209
0.5450716018676758
0.6683969497680664
1.0776450634002686
0.8696448802947998
0.9314475059509277
2.921443462371826
3.970097064971924
std_analogscan
4.466272354125977
3.1997435092926025
0.5257346630096436
0.7661175727844238
0.5136842727661133
0.571495771408081
1.5377559661865234
0.49684715270996094
3.846705913543701
3.7541816234588623
std_thresholdscan
1.550978660583496
0.7740533351898193
0.4743690490722656
0.37137269973754883
0.7050201892852783
0.6834757328033447
0.8530478477478027
0.34109926223754883
0.5038633346557617
1.1501567363739014
0.4203042984008789
0.37796759605407715
0.6861989498138428
0.6140255928039551
0.36889100074768066
0.6103847026824951
0.518298864364624
0.48963260650634766
0.3516824245452881
0.34715723991394043
0.4568214416503906
0.799907922744751
0.5440802574157715
0.4158480167388916
0.6068384647369385
0.6067359447479248
0.6591205596923828
0.6458032131195068
0.5243043899536133
0.34135937690734863
0.33524084091186523
0.3441758155822754
0.34816837310791016
0.3449714183807373
0.49817991256713867
0.4065055847167969
0.33554911613464355
0.5355367660522461
0.3586251735687256
0.8664150238037109
0.37210893630981445
4.021967649459839
0.3579216003417969
4.092554807662964
3.0446248054504395
0.7270939350128174
3.7026500701904297
0.778892993927002
0.3433380126953125
0.5358319282531738
1.0804505348205566
0.773176908493042
0.3451681137084961
0.7627537250518799
3.0760717391967773
3.410062551498413
std_totscan
4.448404312133789
3.6892385482788086
0.5698947906494141
0.36219191551208496
0.5519165992736816
0.34151387214660645
0.43074989318847656
0.35477137565612793
0.6335852146148682
0.40863823890686035
3.693239688873291
4.913213491439819
std_noisescan
5.077101230621338
3.325223445892334
2.7920796871185303
0.418731689453125
1.3344221115112305
0.35935473442077637
0.5656294822692871
0.4616680145263672
2.978909969329834
3.536123514175415
std_digitalscan
2.786635637283325
2.2596402168273926
0.41771626472473145
0.42687082290649414
0.6805248260498047
0.5869746208190918
0.3261532783508301
0.33705925941467285
2.4186909198760986
3.370347499847412
std_analogscan
3.5769219398498535
2.4115889072418213
0.4830164909362793
0.8378007411956787
0.7251596450805664
0.5050556659698486
0.3319544792175293
0.327406644821167
2.499413013458252
3.3782100677490234
std_thresholdscan
1.2677834033966064
0.5077817440032959
0.5338218212127686
0.33212780952453613
0.3271372318267822
0.36823272705078125
0.6707475185394287
0.40104174613952637
0.3294389247894287
0.399181604385376
0.6788127422332764
0.656226634979248
0.9973633289337158
0.40633106231689453
0.3349952697753906
0.3328714370727539
0.4680640697479248
0.3314061164855957
0.3349597454071045
0.6024625301361084
0.33153867721557617
1.2725389003753662
0.37207460403442383
0.6577944755554199
0.5614407062530518
0.3378748893737793
0.6310434341430664
0.3466451168060303
0.37291693687438965
0.7424590587615967
0.36420488357543945
0.644019365310669
0.3353285789489746
0.669069766998291
0.6816017627716064
0.4089655876159668
0.4867231845855713
1.0812594890594482
0.36148905754089355
1.2347099781036377
0.3915698528289795
4.033839464187622
0.4318668842315674
4.2899699211120605
2.630553960800171
0.5806691646575928
3.9830362796783447
0.3474452495574951
0.35369181632995605
0.7415676116943359
0.35968470573425293
0.36218762397766113
1.0789525508880615
0.47470927238464355
2.654240846633911
3.3253328800201416
std_totscan
4.692962884902954
3.76069974899292
0.36486315727233887
0.6038823127746582
1.3490869998931885
0.7406377792358398
0.7853264808654785
2.2604386806488037
0.43891263008117676
0.4238400459289551
3.1178102493286133
3.50134539604187
std_noisescan
4.5192601680755615
2.4230399131774902
2.8593389987945557
0.42770838737487793
0.3645932674407959
0.3696556091308594
0.8300631046295166
0.3600313663482666
2.2735884189605713
3.311293601989746
std_digitalscan
3.8211050033569336
4.635435342788696
1.147108554840088
1.6539263725280762
2.964688301086426
1.1261084079742432
0.4544978141784668
0.45565247535705566
2.768106460571289
4.233648300170898
std_analogscan
3.916950225830078
3.15934681892395
3.2137250900268555
1.1613125801086426
0.5830569267272949
0.3453524112701416
0.7776844501495361
0.5595972537994385
3.5608975887298584
3.334104061126709
std_thresholdscan
1.1668236255645752
0.33927226066589355
0.56878662109375
0.3779904842376709
0.4331355094909668
0.6445956230163574
0.6077554225921631
0.6355342864990234
0.5738985538482666
0.4104888439178467
0.33337998390197754
0.3771026134490967
0.33837175369262695
0.33115530014038086
0.745323657989502
0.6177918910980225
0.3489265441894531
0.3395071029663086
0.5830039978027344
0.36145925521850586
0.33364200592041016
0.3622124195098877
0.3490180969238281
0.4639003276824951
0.3448646068572998
0.5221846103668213
0.40607786178588867
0.44845056533813477
0.3361334800720215
0.34180116653442383
0.6414523124694824
0.3508310317993164
0.33991551399230957
0.8743388652801514
0.5754599571228027
0.3536372184753418
0.5779743194580078
1.1036884784698486
0.8708562850952148
1.1536190509796143
0.5276181697845459
4.525976181030273
0.3407914638519287
4.217281341552734
2.5282363891601562
0.3616616725921631
3.474156141281128
0.34572720527648926
0.5326271057128906
0.3588263988494873
0.5441882610321045
0.36013054847717285
0.3528256416320801
0.39383435249328613
2.5570058822631836
3.781536102294922
std_totscan
4.741184234619141
4.57947564125061
0.3737311363220215
0.5784971714019775
0.40761446952819824
0.3449070453643799
0.4459958076477051
0.35422658920288086
0.4228658676147461
0.363750696182251
2.6291465759277344
3.724478244781494
std_noisescan
3.8144049644470215
2.118166923522949
2.086963653564453
0.4541895389556885
0.4072122573852539
0.5105822086334229
0.3951561450958252
0.41051387786865234
3.2994980812072754
3.726400852203369
std_digitalscan
2.993368148803711
3.0609707832336426
0.5299196243286133
0.5213143825531006
0.41822028160095215
0.3227531909942627
0.43628549575805664
0.33225059509277344
2.69830322265625
4.788129568099976
std_analogscan
3.9316327571868896
2.6034576892852783
0.3509390354156494
0.3736603260040283
0.7655856609344482
0.34478187561035156
0.3323192596435547
0.6754953861236572
2.6370766162872314
3.6284430027008057
std_thresholdscan
1.298530101776123
0.35938525199890137
0.3297407627105713
0.3946235179901123
2.488942861557007
0.43227171897888184
0.5203816890716553
0.5102119445800781
0.37550902366638184
0.5538923740386963
0.43365979194641113
0.36887240409851074
0.5156311988830566
0.6141276359558105
0.6416277885437012
0.38460874557495117
0.3785223960876465
0.5721890926361084
1.3803653717041016
0.33706068992614746
0.34208106994628906
0.5557193756103516
0.36008286476135254
0.34375810623168945
0.3928263187408447
0.5724003314971924
0.5951025485992432
0.44533777236938477
0.35860466957092285
0.5755038261413574
0.34113097190856934
0.34003496170043945
0.34665799140930176
0.6729536056518555
0.3463289737701416
0.5402932167053223
0.756035327911377
0.5806806087493896
0.6578855514526367
0.8572254180908203
0.3790569305419922
5.769983530044556
0.3443448543548584
4.767558813095093
2.662200689315796
0.34058141708374023
3.4973018169403076
0.5028152465820312
0.3974885940551758
0.34155821800231934
0.3683021068572998
0.3476126194000244
0.6005244255065918
0.35056376457214355
2.546546459197998
3.2641665935516357
std_totscan
4.887686014175415
3.9136950969696045
0.5274724960327148
0.3889031410217285
0.8461370468139648
0.4116830825805664
0.35457944869995117
0.46649789810180664
0.3549051284790039
2.0688724517822266
2.7160325050354004
3.4865503311157227
std_noisescan
3.492917537689209
2.0620007514953613
2.166907548904419
0.3734114170074463
0.6878311634063721
0.3395872116088867
0.7596888542175293
0.4118344783782959
2.9837279319763184
4.021123886108398
