6.7603068351745605
7.0672407150268555
6.470050573348999
7.575588941574097
6.685148239135742
7.161630153656006
6.596770286560059
6.312321901321411
6.780643701553345
6.785130500793457
6.489165544509888
8.152585744857788
6.730755090713501
6.996461629867554
6.857327699661255
6.8069398403167725
6.683548450469971
6.932859659194946
6.666910648345947
7.731369733810425
6.907446622848511
7.4483256340026855
6.48577880859375
6.67383074760437
6.795101881027222
6.787251234054565
7.007829189300537
7.58238673210144
6.786482572555542
7.06512451171875
6.9610655307769775
6.840502977371216
6.910085201263428
7.086379766464233
7.198060512542725
7.402997255325317
7.229012489318848
6.988460063934326
6.9826154708862305
6.5017313957214355
