0.05921578407287598
0.04637312889099121
0.046504974365234375
0.04608511924743652
0.046427011489868164
0.046411991119384766
0.046862125396728516
0.04635310173034668
0.04651904106140137
0.04642295837402344
0.046726226806640625
0.046417951583862305
0.046285152435302734
0.046895742416381836
0.047747135162353516
0.046174049377441406
0.04828906059265137
0.04636216163635254
0.049169063568115234
0.04653286933898926

0.046636104583740234
0.0463259220123291
0.04645729064941406
0.046083927154541016
0.0464627742767334
0.04689311981201172
0.046211957931518555
0.04731297492980957
0.04613018035888672
0.0466458797454834
0.046740055084228516
0.0467982292175293
0.04695892333984375
0.04639077186584473
0.04600715637207031
0.046462059020996094
0.04644203186035156
0.046749114990234375
0.046640872955322266
0.04636502265930176

0.04729819297790527
0.05047798156738281
0.04628896713256836
0.046980857849121094
0.04691314697265625
0.04712796211242676
0.047441959381103516
0.04734015464782715
0.046949148178100586
0.046272993087768555
0.047239065170288086
0.04703187942504883
0.04781198501586914
0.047109127044677734
0.0470728874206543
0.04656100273132324
0.04619121551513672
0.04664182662963867
0.04654073715209961
0.046859025955200195

0.04604220390319824
0.04648303985595703
0.04660391807556152
0.04606795310974121
0.046617984771728516
0.047136783599853516
0.04630708694458008
0.05388283729553223
0.04592108726501465
0.046041011810302734
0.04911303520202637
0.046816110610961914
0.04594302177429199
0.05611896514892578
0.04611921310424805
0.04723787307739258
0.04673194885253906
0.046339988708496094
0.04636216163635254
0.04664921760559082

0.04669809341430664
0.04882693290710449
0.046549081802368164
0.04708290100097656
0.04710698127746582
0.04690408706665039
0.04641103744506836
0.04646110534667969
0.04645371437072754
0.04683685302734375
0.04635810852050781
0.04668617248535156
0.0464932918548584
0.046396732330322266
0.04762697219848633
0.045951128005981445
0.04861783981323242
0.04787802696228027
0.04784798622131348
0.0487980842590332

