0.5228579044342041
0.04961991310119629
0.051141977310180664
0.05092000961303711
0.049957275390625
0.047653913497924805
0.04619431495666504
0.04703497886657715
0.047884225845336914
0.04650712013244629
0.046762943267822266
0.04706692695617676
0.046530961990356445
0.04678678512573242
0.046452999114990234
0.04708719253540039
0.04669904708862305
0.04669904708862305
0.046209096908569336
0.04706978797912598

0.04654073715209961
0.04674887657165527
0.04997897148132324
0.047016143798828125
0.05005216598510742
0.05005908012390137
0.0495150089263916
0.05034589767456055
0.05093789100646973
0.04994392395019531
0.04929709434509277
0.04977583885192871
0.052950143814086914
0.05404067039489746
0.04652094841003418
0.052095890045166016
0.050006866455078125
0.04972410202026367
0.05121612548828125
0.05044698715209961

0.04688405990600586
0.04939007759094238
0.05104684829711914
0.054276227951049805
0.0494229793548584
0.05019497871398926
0.06101822853088379
0.05933499336242676
0.05465388298034668
0.04973912239074707
0.04777407646179199
0.06634378433227539
0.06741881370544434
0.06397700309753418
0.06600213050842285
0.05643486976623535
0.05043220520019531
0.052367210388183594
0.04963207244873047
0.04638314247131348

0.04666423797607422
0.04949378967285156
0.05034494400024414
0.047226667404174805
0.04983091354370117
0.046163320541381836
0.04975295066833496
0.0507199764251709
0.046463966369628906
0.04961800575256348
0.04944634437561035
0.0462801456451416
0.05241703987121582
0.04907584190368652
0.04679703712463379
0.04916119575500488
0.05338287353515625
0.05048799514770508
0.049710750579833984
0.04937410354614258

0.04755592346191406
0.05034613609313965
0.04927325248718262
0.05169796943664551
0.04983186721801758
0.049836158752441406
0.046543121337890625
0.04926490783691406
0.04915022850036621
0.051373958587646484
0.053134918212890625
0.050662994384765625
0.050794124603271484
0.04954218864440918
0.04961824417114258
0.051167964935302734
0.05097007751464844
0.05437922477722168
0.047528982162475586
0.05140423774719238

