1610276401.0 1.01 0.0184 
1610283601.0 0.972 0.0184 
1610290801.0 0.97 0.0188 
1610298001.0 0.969 0.0168 
1610305202.0 1.01 0.0176 
1610312401.0 0.962 0.0194 
1610319601.0 1.03 0.022 
1610326801.0 0.995 0.0181 
1610334001.0 0.981 0.0166 
1610341201.0 0.978 0.0168 
1610348401.0 1.02 0.0257 
1610355601.0 1.09 0.0343 
1610362801.0 0.943 0.0107 
1610370001.0 1.07 0.0228 
1610377201.0 1.03 0.0213 
1610384401.0 0.984 0.017 
1610391601.0 1.02 0.0236 
1610398801.0 1 0.0198 
1610406001.0 1.03 0.0193 
1610413202.0 0.973 0.0148 
1610420401.0 0.984 0.0195 
1610427601.0 1.02 0.021 
1610434801.0 1.02 0.0207 
1610442001.0 1.04 0.0201 
1610449201.0 1.07 0.0266 
1610456401.0 1.04 0.0262 
1610463601.0 1.05 0.0236 
1610470801.0 0.98 0.0144 
1610478001.0 0.996 0.0165 
1610485201.0 0.984 0.0176 
1610492401.0 0.986 0.0168 
1610499601.0 0.966 0.0137 
1610506801.0 0.988 0.016 
1610514001.0 0.984 0.0138 
1610521201.0 1.03 0.0152 
1610528401.0 1.03 0.0256 
1610535601.0 1 0.0198 
1610542801.0 1.08 0.0265 
1610550001.0 1.01 0.0155 
1610557201.0 1.01 0.02 
1610564401.0 1.02 0.019 
1610571601.0 1.01 0.0223 
1610578801.0 1 0.0167 
1610586001.0 0.959 0.0138 
1610593201.0 0.975 0.0172 
1610600401.0 0.98 0.0176 
1610607601.0 1 0.0167 
1610614801.0 1.01 0.019 
1610622001.0 1.01 0.0202 
1610629201.0 1.05 0.0186 
1610636401.0 1.01 0.0228 
1610643601.0 1.03 0.0195 
1610650801.0 1.02 0.018 
1610658001.0 0.997 0.0183 
1610665201.0 1.01 0.0348 
1610672401.0 0.975 0.0163 
1610679601.0 0.99 0.0244 
1610686801.0 0.956 0.0142 
1610694001.0 1.02 0.0158 
1610701201.0 0.995 0.0159 
1610708401.0 1.03 0.0229 
1610715601.0 1.02 0.0182 
1610722801.0 1.01 0.0185 
1610730001.0 0.975 0.0145 
1610737201.0 1.02 0.0168 
1610744401.0 1.01 0.0171 
1610751601.0 0.975 0.0188 
1610758801.0 1.01 0.018 
1610766001.0 0.98 0.0173 
1610773201.0 1.02 0.018 
1610780401.0 1.02 0.0172 
1610787601.0 0.975 0.016 
1610794801.0 0.991 0.0301 
1610802001.0 1.03 0.0228 
1610809201.0 0.99 0.0252 
1610816401.0 0.992 0.0216 
1610823601.0 0.977 0.0155 
1610830801.0 0.99 0.0198 
1610838001.0 0.991 0.0164 
1610845201.0 0.986 0.0173 
1610852401.0 0.999 0.0155 
1610859601.0 0.979 0.0238 
1610866801.0 0.977 0.0171 
1610874001.0 0.982 0.0203 
1610881201.0 0.936 0.0195 
1610888401.0 0.984 0.018 
1610895601.0 0.994 0.018 
1610902801.0 0.988 0.0179 
1610910001.0 0.99 0.0265 
1610917201.0 0.963 0.0178 
1610924401.0 0.968 0.0155 
1610931601.0 0.977 0.014 
1610938801.0 0.992 0.0234 
1610946001.0 0.983 0.0191 
1610953201.0 1.06 0.0242 
