1610276401.0 1.37 0.0269 
1610283601.0 1.36 0.0275 
1610290801.0 1.37 0.0265 
1610298001.0 1.35 0.025 
1610305202.0 1.4 0.032 
1610312401.0 1.36 0.031 
1610319601.0 1.44 0.0735 
1610326801.0 1.33 0.0274 
1610334001.0 1.35 0.0258 
1610341201.0 1.35 0.0242 
1610348401.0 1.35 0.023 
1610355601.0 1.44 0.0364 
1610362801.0 1.43 0.026 
1610370001.0 1.4 0.0287 
1610377201.0 1.38 0.0265 
1610384401.0 1.37 0.0263 
1610391601.0 1.4 0.0242 
1610398801.0 1.32 0.0234 
1610406001.0 1.36 0.0272 
1610413202.0 1.36 0.0156 
1610420401.0 1.34 0.0231 
1610427601.0 1.36 0.0253 
1610434801.0 1.37 0.0181 
1610442001.0 1.4 0.0328 
1610449201.0 1.4 0.0272 
1610456401.0 1.42 0.0432 
1610463601.0 1.4 0.0243 
1610470801.0 1.39 0.0241 
1610478001.0 1.36 0.0235 
1610485201.0 1.37 0.0217 
1610492401.0 1.4 0.0267 
1610499601.0 1.35 0.0184 
1610506801.0 1.36 0.0233 
1610514001.0 1.37 0.0248 
1610521201.0 1.36 0.0173 
1610528401.0 1.4 0.0329 
1610535601.0 1.39 0.0217 
1610542801.0 1.39 0.0264 
1610550001.0 1.39 0.0253 
1610557201.0 1.42 0.0246 
1610564401.0 1.39 0.0165 
1610571601.0 1.35 0.0197 
1610578801.0 1.32 0.0145 
1610586001.0 1.34 0.0178 
1610593201.0 1.33 0.0243 
1610600401.0 1.36 0.0227 
1610607601.0 1.36 0.0303 
1610614801.0 1.38 0.0228 
1610622001.0 1.41 0.0342 
1610629201.0 1.38 0.023 
1610636401.0 1.38 0.0177 
1610643601.0 1.34 0.0241 
1610650801.0 1.36 0.02 
1610658001.0 1.38 0.0312 
1610665201.0 1.38 0.0215 
1610672401.0 1.36 0.0225 
1610679601.0 1.37 0.0258 
1610686801.0 1.36 0.0307 
1610694001.0 1.35 0.0216 
1610701201.0 1.33 0.0245 
1610708401.0 1.39 0.0228 
1610715601.0 1.37 0.0283 
1610722801.0 1.35 0.0222 
1610730001.0 1.34 0.0215 
1610737201.0 1.35 0.0226 
1610744401.0 1.38 0.0217 
1610751601.0 1.32 0.0177 
1610758801.0 1.35 0.0233 
1610766001.0 1.32 0.02 
1610773201.0 1.31 0.0253 
1610780401.0 1.33 0.0234 
1610787601.0 1.34 0.0246 
1610794801.0 1.31 0.0247 
1610802001.0 1.31 0.0228 
1610809201.0 1.31 0.0245 
1610816401.0 1.29 0.0183 
1610823601.0 1.32 0.0182 
1610830801.0 1.32 0.0298 
1610838001.0 1.33 0.0208 
1610845201.0 1.33 0.0198 
1610852401.0 1.31 0.0273 
1610859601.0 1.34 0.0243 
1610866801.0 1.3 0.0236 
1610874001.0 1.35 0.024 
1610881201.0 1.31 0.0228 
1610888401.0 1.32 0.0247 
1610895601.0 1.34 0.0234 
1610902801.0 1.35 0.0309 
1610910001.0 1.34 0.0277 
1610917201.0 1.32 0.0213 
1610924401.0 1.32 0.0168 
1610931601.0 1.31 0.0203 
1610938801.0 1.34 0.024 
1610946001.0 1.3 0.0187 
1610953201.0 1.34 0.0223 
