Sun Jan 10 04:00:01 PST 2021
1.739
0.995
1.195
0.967
0.971
1.244
1.546
0.991
0.948
0.980
0.989
1.006
1.509
0.819
1.231
1.328
1.174
1.052
1.338
0.963
1.349
1.314
0.964
1.535
1.202
0.999
1.611
1.029
0.969
1.122
0.968
1.156
0.976
0.987
0.962
1.451
0.990
0.857
0.963
0.985
0.902
0.821
0.960
0.966
0.859
1.014
0.985
0.973
0.962
0.816
0.989
0.958
0.831
0.834
0.962
0.979
0.972
0.951
0.935
0.924
0.940
1.039
0.964
0.933
0.936
1.028
0.930
0.780
0.789
1.027
1.126
0.971
0.933
0.988
1.103
0.931
0.922
0.787
0.923
0.933
0.935
0.930
0.927
0.779
0.769
0.942
0.942
0.941
0.966
0.777
0.928
0.921
0.921
0.938
0.925
0.978
0.934
0.950
0.928
0.949

Sun Jan 10 06:00:01 PST 2021
1.537
0.879
0.792
0.773
0.838
0.930
0.987
1.067
1.035
1.864
0.918
0.944
1.246
0.928
1.287
1.220
1.157
1.190
1.443
0.954
1.550
0.970
0.932
0.776
1.124
1.153
0.805
0.958
0.928
0.959
0.932
1.017
1.076
1.133
0.953
1.113
0.820
1.016
1.120
0.912
0.776
0.828
1.118
0.941
1.165
1.013
0.957
0.789
0.935
0.792
0.782
0.929
0.944
0.938
0.926
0.931
0.940
1.080
0.931
0.805
0.967
0.789
0.794
0.936
0.921
0.931
0.932
0.807
0.943
1.011
0.784
0.946
0.927
0.792
0.789
0.777
1.006
0.799
0.954
0.934
0.792
0.931
0.935
1.033
0.925
0.929
0.951
0.775
0.925
0.940
0.785
0.785
0.937
0.955
0.936
0.933
0.968
0.837
0.957
1.476

Sun Jan 10 08:00:01 PST 2021
1.755
1.067
0.933
0.995
0.928
1.047
1.034
0.812
0.942
0.941
0.845
1.369
1.053
0.959
0.931
1.194
0.924
1.124
0.776
1.551
0.974
1.309
0.920
0.993
0.935
0.973
0.957
1.040
0.839
1.279
0.934
0.993
0.777
1.121
0.956
0.782
0.930
1.654
0.924
1.028
0.962
1.005
0.971
1.030
0.934
0.947
0.899
0.960
0.822
1.047
0.988
0.979
0.930
0.930
0.774
0.938
0.927
0.799
0.924
0.968
1.814
0.794
0.778
0.781
0.933
0.786
1.017
0.966
0.819
0.873
0.959
0.780
0.929
0.924
0.788
0.932
0.969
0.941
0.782
0.989
0.932
0.928
0.956
0.790
0.786
0.779
0.794
0.959
0.937
0.938
1.007
0.958
0.790
1.149
0.940
0.932
0.943
0.928
0.786
0.929

Sun Jan 10 10:00:01 PST 2021
1.582
0.939
0.928
0.784
1.445
1.090
1.006
0.947
1.299
1.515
0.937
0.954
0.957
0.900
1.086
0.946
0.957
1.455
1.074
0.942
1.188
1.282
0.927
1.010
0.926
0.846
0.971
0.986
0.931
0.777
1.216
0.938
1.048
1.213
0.783
1.137
1.071
1.347
0.812
1.311
0.958
1.043
0.955
1.063
0.934
1.130
0.782
0.854
0.916
0.948
0.780
0.796
0.777
0.950
0.781
0.779
0.777
0.940
0.920
1.048
0.930
0.919
0.784
0.941
0.933
1.037
0.944
1.196
0.933
0.843
0.957
0.925
0.809
0.936
0.779
0.928
0.981
0.925
0.943
1.053
0.926
0.928
0.782
0.944
0.780
0.921
0.921
0.928
0.946
0.898
0.816
0.942
0.938
0.930
0.783
0.791
0.782
0.776
0.932
0.930

Sun Jan 10 12:00:01 PST 2021
1.823
0.812
0.981
0.997
0.867
0.973
0.967
0.947
2.028
1.125
1.254
0.983
0.963
1.124
1.002
0.977
1.032
1.051
0.972
1.009
0.962
1.232
1.125
0.901
0.921
0.954
1.067
0.969
1.321
0.865
0.819
1.223
1.196
0.940
1.237
1.067
1.109
1.009
1.535
0.979
0.960
0.994
0.974
1.136
0.973
1.061
0.820
1.059
0.968
0.867
0.963
0.820
0.959
0.972
0.966
0.821
0.796
1.001
0.967
0.961
0.960
0.966
0.970
1.058
0.977
0.992
0.842
0.968
0.831
0.962
1.006
0.971
0.825
0.966
0.850
0.963
1.017
0.927
0.965
0.997
0.985
0.869
0.968
0.857
0.991
0.983
1.067
0.943
0.964
1.172
1.001
0.929
0.812
0.964
0.971
0.966
1.014
0.974
0.970
0.968

Sun Jan 10 14:00:01 PST 2021
1.802
0.931
0.998
0.786
0.918
0.979
1.183
1.241
1.461
0.960
0.790
1.153
0.929
1.062
0.777
0.926
0.970
0.783
1.040
0.917
0.967
1.199
1.649
0.793
0.961
0.780
1.142
0.803
1.421
1.041
0.926
1.403
0.921
1.097
0.938
1.053
1.466
1.005
0.864
0.925
0.831
0.931
1.214
0.945
1.482
0.925
0.972
0.940
0.798
0.796
0.930
0.924
0.780
0.767
0.926
0.818
0.927
0.934
0.769
0.959
0.924
0.785
0.776
0.938
0.822
0.921
0.786
0.927
0.948
0.790
0.973
0.935
0.934
0.778
0.929
0.780
0.941
0.928
0.983
0.780
0.763
0.930
0.938
0.833
0.930
0.970
0.976
0.781
0.815
0.955
0.932
0.979
0.926
1.139
0.792
0.769
0.781
0.961
0.947
0.924

Sun Jan 10 16:00:01 PST 2021
1.802
0.972
0.997
0.966
0.811
0.976
1.079
1.005
1.429
0.969
1.138
0.956
1.235
0.986
0.997
1.003
0.979
2.434
0.861
0.976
1.003
1.137
0.994
1.347
1.302
1.139
1.107
0.837
1.318
0.825
1.376
1.202
1.108
1.720
0.821
1.085
1.121
0.978
1.063
0.982
1.451
0.939
0.980
0.830
0.954
0.952
0.832
0.810
0.969
1.051
0.970
0.989
0.989
0.892
0.997
0.996
1.024
1.061
0.966
0.960
0.963
0.980
0.821
0.959
0.818
0.835
0.827
0.960
0.966
0.958
0.962
0.968
0.963
0.962
1.173
1.036
0.999
0.961
0.976
1.002
0.988
0.816
0.986
0.959
1.001
0.987
0.957
0.974
0.969
0.957
0.975
0.815
0.964
0.973
0.823
0.959
1.067
0.929
0.960
0.967

Sun Jan 10 18:00:01 PST 2021
1.585
0.819
0.834
0.812
0.980
0.969
0.951
1.120
1.391
1.956
0.815
0.997
1.021
1.250
0.969
0.821
0.964
1.358
1.149
0.964
1.174
1.467
1.161
0.898
1.402
1.163
0.971
1.095
0.962
0.908
0.845
1.354
0.968
1.118
0.970
1.342
0.976
0.999
1.012
0.969
0.843
0.971
0.885
0.819
0.822
0.900
0.962
0.818
0.960
0.970
0.832
1.045
0.966
0.975
0.836
0.819
0.931
0.810
0.976
0.810
1.054
0.963
0.969
0.979
0.970
0.974
0.945
0.817
0.967
0.978
1.019
0.962
0.962
0.962
0.957
0.924
0.984
0.959
0.921
1.086
0.931
0.970
0.965
0.818
0.972
0.963
0.821
0.857
0.975
0.986
0.977
1.187
0.831
0.819
0.936
0.969
0.920
1.014
0.847
0.966

Sun Jan 10 20:00:01 PST 2021
1.507
0.938
1.050
0.786
0.797
0.954
0.988
0.879
0.934
0.894
1.201
0.988
0.978
0.990
0.961
1.050
0.902
0.845
0.977
1.415
1.427
0.969
1.417
0.938
1.233
0.949
1.012
0.914
0.971
0.958
0.794
1.007
1.271
1.299
0.779
1.267
0.829
1.544
0.943
0.941
1.100
0.787
0.981
0.933
1.092
0.938
1.432
0.782
0.925
0.919
0.956
0.923
0.788
0.938
0.940
0.926
0.929
0.955
0.923
0.964
0.788
0.937
0.919
0.938
0.786
0.973
1.006
0.922
1.009
0.992
0.930
0.947
0.937
0.928
0.933
0.931
0.774
0.956
0.929
0.812
0.930
0.928
0.980
0.933
0.788
0.926
0.978
0.802
0.952
0.973
1.114
0.972
0.799
0.969
1.428
0.987
0.988
0.940
0.926
0.830

Sun Jan 10 22:00:01 PST 2021
1.603
0.950
0.790
1.044
0.790
0.933
0.995
1.178
1.945
0.934
1.083
1.063
0.938
1.197
1.309
0.785
1.043
0.943
1.129
0.972
1.069
0.964
1.024
0.926
1.009
0.922
1.440
0.891
1.143
0.954
0.929
0.925
0.975
1.133
0.934
0.974
1.249
1.132
0.939
1.184
0.774
1.098
0.994
1.250
0.939
0.982
0.780
1.095
1.004
0.962
0.948
0.948
0.938
0.933
0.926
0.933
0.940
1.034
0.934
0.914
0.932
0.938
0.926
0.930
0.953
0.786
0.935
0.787
0.776
0.935
0.782
0.920
0.779
0.925
0.922
0.952
1.031
0.959
0.780
0.795
0.931
0.938
0.928
0.952
0.924
0.965
0.931
0.782
0.971
0.939
0.941
0.998
0.786
0.952
0.931
0.788
0.936
0.931
0.935
0.969

Mon Jan 11 00:00:01 PST 2021
1.917
0.814
0.929
1.089
0.947
1.002
0.975
1.029
1.483
0.799
0.929
1.030
1.004
1.076
1.861
0.838
1.005
0.940
1.395
0.930
1.254
1.927
1.137
1.123
0.986
0.941
0.784
1.230
0.910
1.110
0.997
1.039
0.940
1.462
1.061
1.116
0.998
0.979
0.821
1.036
0.787
1.163
0.799
1.472
0.932
1.001
0.942
1.037
0.929
0.951
0.805
0.808
0.809
0.934
0.790
0.820
0.981
0.984
1.030
0.943
0.944
0.963
0.941
0.942
0.947
0.836
0.797
1.272
0.793
0.939
0.780
0.960
0.931
0.817
1.087
0.950
0.942
0.934
0.941
0.881
0.991
0.924
0.926
2.434
0.950
0.952
0.933
0.952
1.067
0.933
0.953
0.939
0.934
0.974
0.950
0.934
1.262
0.950
0.928
0.921

Mon Jan 11 02:00:02 PST 2021
3.666
1.241
0.953
1.204
1.495
1.291
0.969
0.935
1.032
1.702
1.807
1.279
1.003
1.619
0.937
1.329
1.267
0.870
0.980
0.770
1.312
0.970
1.184
1.301
1.130
0.800
1.379
0.943
1.466
0.949
1.572
1.976
0.924
1.138
0.941
1.048
1.052
0.934
0.960
1.247
0.784
1.406
0.949
0.944
0.800
0.941
0.939
0.946
1.006
1.036
0.953
0.935
0.957
1.119
0.940
0.794
0.931
0.934
1.371
0.933
0.924
0.932
0.968
0.942
1.024
0.945
1.063
0.943
0.936
0.978
1.014
0.934
1.073
0.977
0.939
0.938
0.923
0.789
1.395
0.962
0.950
0.953
1.064
0.937
0.965
0.964
1.232
0.973
0.971
0.938
0.958
1.041
1.139
1.039
1.039
0.935
0.983
1.021
0.927
1.205

Mon Jan 11 04:00:01 PST 2021
1.521
1.090
1.022
0.948
0.931
0.782
0.939
0.982
1.082
1.012
0.812
0.926
0.923
0.921
0.937
0.814
0.933
0.932
0.947
0.965
0.989
0.808
0.924
0.956
1.018
0.800
0.935
0.926
0.848
0.959
0.964
0.882
0.958
0.924
1.029
0.934
0.982
0.936
0.935
0.776
0.967
0.945
0.926
0.929
0.815
0.790
1.037
0.935
0.974
0.794
0.921
0.974
0.953
0.938
0.938
0.938
0.816
0.927
0.934
0.828
0.933
0.785
0.890
1.297
1.305
1.159
0.925
0.942
0.931
0.967
1.010
1.063
0.929
1.005
0.867
0.988
0.943
0.929
0.797
0.947
0.932
0.941
0.945
0.948
0.927
0.944
0.793
0.944
0.928
0.938
0.950
0.942
0.984
1.064
0.926
0.927
0.778
0.929
0.781
0.993

Mon Jan 11 06:00:01 PST 2021
1.565
1.291
0.972
1.124
0.979
1.085
0.986
1.434
1.957
0.994
1.142
1.029
0.989
1.303
0.994
1.090
0.826
1.180
1.221
1.345
1.257
0.863
0.974
1.091
0.779
1.756
1.022
0.982
1.637
1.003
1.102
1.141
1.703
0.928
1.593
1.393
0.876
1.229
0.957
1.042
0.961
1.936
1.171
0.929
1.124
1.024
0.972
0.975
0.978
1.026
0.864
0.974
1.054
0.927
0.963
0.982
0.822
0.960
0.962
0.839
0.975
1.111
0.844
0.963
0.987
0.971
1.393
0.960
1.035
0.837
0.974
0.977
0.975
0.862
1.044
0.983
0.968
0.968
0.988
1.016
0.985
0.977
0.975
1.350
0.982
0.985
0.928
0.976
0.972
0.977
0.988
0.812
1.151
0.990
1.291
0.982
0.970
1.008
1.056
1.016

Mon Jan 11 08:00:01 PST 2021
1.697
0.952
0.943
0.975
0.990
0.978
0.996
1.722
1.661
0.963
1.042
1.275
1.013
1.727
1.122
1.588
1.453
0.842
1.308
1.062
0.994
1.190
0.960
0.975
1.471
1.416
0.992
1.471
0.928
0.960
0.929
1.334
0.966
1.184
0.930
1.041
1.101
0.802
0.934
1.137
1.093
0.786
0.925
1.152
0.784
1.462
0.969
0.809
1.005
0.940
0.777
0.927
0.935
1.130
0.903
0.925
0.931
0.926
0.780
0.965
0.933
0.990
0.941
0.976
1.093
0.788
0.936
1.021
0.809
0.944
0.955
0.934
0.800
0.993
1.101
1.037
0.850
0.947
0.929
0.926
0.904
0.971
1.003
0.973
0.931
0.981
0.936
0.935
0.933
0.936
0.927
0.975
0.938
0.964
0.815
0.784
0.944
0.952
0.932
0.951

Mon Jan 11 10:00:01 PST 2021
1.488
0.779
0.941
1.003
0.996
0.791
0.919
1.114
2.004
1.056
1.203
1.056
0.937
1.243
0.926
1.029
0.927
1.299
1.014
0.948
0.920
1.048
1.184
0.922
1.030
0.781
0.802
1.273
0.994
0.983
1.043
0.932
1.113
1.010
0.987
1.024
0.970
0.997
0.951
0.955
1.226
0.931
1.453
0.962
0.861
0.925
1.326
0.929
0.941
0.928
0.959
0.922
0.929
0.931
0.934
0.935
0.994
0.776
1.345
0.966
0.786
0.931
0.939
1.034
0.789
0.923
0.938
0.955
0.945
0.928
0.941
0.965
0.921
0.943
0.932
0.963
0.881
0.935
0.929
0.931
0.929
0.932
0.785
0.786
0.933
0.774
0.921
0.932
0.825
0.962
1.003
0.954
0.923
0.929
0.933
0.933
0.929
0.936
0.979
0.775

Mon Jan 11 12:00:01 PST 2021
1.457
1.119
0.781
0.927
1.416
1.054
1.107
0.956
1.931
1.554
0.942
0.935
1.046
0.936
1.306
0.910
1.109
0.896
0.782
2.245
1.503
1.148
1.682
0.924
1.284
0.941
1.097
0.775
1.238
0.951
0.969
1.178
1.147
0.779
1.138
0.946
1.072
1.150
0.923
1.234
0.935
1.036
0.959
1.362
1.185
0.980
1.252
0.782
0.930
0.938
0.817
0.929
0.793
1.006
1.023
0.922
0.936
0.924
0.778
0.931
0.789
0.920
0.829
0.934
0.949
0.962
0.922
0.921
0.789
0.939
0.934
1.025
1.073
0.923
0.947
0.928
0.927
0.935
0.939
1.063
0.956
0.931
0.963
0.928
1.008
0.784
0.962
0.974
0.909
0.775
0.933
0.785
0.779
0.925
0.933
0.978
0.805
0.780
0.977
0.924

Mon Jan 11 14:00:01 PST 2021
1.581
0.963
0.945
0.953
1.124
0.967
1.100
1.788
0.940
1.039
1.229
0.949
1.494
0.875
1.010
1.833
0.782
1.237
0.951
1.206
0.968
0.973
1.000
1.619
0.936
1.244
0.816
1.183
0.932
1.079
1.198
0.784
0.802
1.333
1.007
1.076
0.992
0.782
0.793
1.154
0.920
1.278
1.076
0.979
1.355
0.935
0.931
1.213
0.933
0.812
1.085
0.930
0.962
0.953
0.778
0.948
0.976
0.990
0.928
0.774
0.930
0.928
0.778
0.924
0.858
0.934
0.962
0.811
0.927
0.976
0.988
0.999
0.922
0.939
0.939
0.969
0.923
0.991
0.798
0.971
0.927
0.932
0.781
0.825
0.927
0.959
0.799
0.922
0.990
0.943
0.936
0.925
0.939
0.932
0.936
0.970
0.956
0.942
0.969
0.924

Mon Jan 11 16:00:01 PST 2021
1.765
0.966
0.966
0.959
1.024
1.042
1.556
1.650
1.000
1.026
1.196
0.966
1.657
1.322
1.020
1.421
1.169
0.820
1.349
1.147
1.344
0.976
1.083
1.185
0.923
1.403
0.817
1.450
1.194
0.851
1.083
1.089
1.436
0.993
1.147
0.815
1.022
0.984
1.110
0.978
0.998
0.821
1.125
0.990
0.855
0.959
1.000
0.819
0.967
0.978
0.839
0.974
0.962
0.985
0.963
0.947
0.965
1.001
0.823
0.948
0.822
1.061
0.820
0.946
1.007
0.961
0.968
0.939
0.987
0.975
0.818
0.972
0.999
0.860
0.822
1.097
0.929
1.013
0.985
0.984
0.966
0.988
0.917
0.944
0.946
0.862
0.964
0.972
0.823
0.813
0.968
0.964
0.819
1.047
1.130
0.967
0.970
0.958
1.010
0.818

Mon Jan 11 18:00:01 PST 2021
1.633
1.117
0.923
1.098
0.979
0.811
0.947
1.062
1.002
1.634
0.927
0.872
0.997
0.874
1.196
0.935
0.913
0.894
1.018
0.951
0.928
0.990
0.788
0.947
0.834
0.931
1.077
1.089
0.847
1.148
0.950
0.816
1.215
0.947
1.086
0.928
0.949
1.164
1.165
0.943
0.868
0.944
1.290
1.059
0.939
1.002
0.791
0.952
0.962
0.777
0.932
0.930
0.927
0.784
0.782
0.930
1.013
0.936
0.781
0.791
0.991
1.037
0.952
0.926
0.924
0.787
0.926
0.930
0.936
0.982
0.925
0.967
0.930
1.001
0.967
0.936
1.001
0.932
0.972
0.810
0.898
1.041
0.930
0.794
0.952
0.932
0.939
0.943
0.970
0.967
0.985
0.983
1.549
1.006
0.938
0.982
0.936
0.919
0.948
0.929

Mon Jan 11 20:00:01 PST 2021
1.550
0.975
0.955
1.016
0.781
0.942
0.958
1.190
1.388
0.772
1.061
0.931
0.932
1.125
1.176
0.931
1.506
0.796
2.014
0.932
1.295
1.005
1.068
0.926
1.309
0.780
1.302
0.963
0.839
0.927
1.274
0.928
0.957
1.170
1.124
1.111
1.146
0.967
1.228
0.780
1.226
0.953
1.004
0.962
1.042
0.800
1.012
0.922
0.955
1.426
0.989
0.952
0.928
1.002
0.933
0.782
0.918
1.124
0.922
0.776
0.929
0.841
0.776
0.941
0.950
0.939
0.782
0.927
0.799
0.925
0.930
0.932
0.925
0.964
0.778
0.925
0.990
1.080
0.927
0.787
0.780
0.927
0.926
0.787
0.779
0.779
0.781
0.985
0.802
0.909
0.926
1.013
0.922
0.783
0.938
1.009
0.927
0.959
0.805
0.920

Mon Jan 11 22:00:01 PST 2021
1.735
0.834
0.780
0.928
0.858
0.987
1.009
1.304
1.735
0.962
0.964
0.971
0.841
1.122
0.866
0.924
0.820
1.872
0.821
1.570
1.130
1.491
1.056
0.832
1.127
0.971
1.167
0.963
1.417
0.799
1.328
1.064
1.085
1.232
0.849
1.366
0.863
1.623
0.843
1.202
1.187
0.844
1.070
0.965
1.069
0.967
0.967
0.988
0.963
0.975
0.821
0.970
0.974
1.021
0.961
1.075
0.967
0.964
0.832
0.972
0.962
0.994
0.819
0.970
0.781
0.939
1.015
0.864
0.963
0.814
0.920
0.968
0.997
0.967
0.986
0.977
0.961
0.964
1.027
1.012
0.833
0.986
0.882
0.801
0.988
0.950
1.153
0.963
0.984
0.984
0.962
0.823
0.861
1.044
0.963
1.016
0.960
0.826
0.971
0.956

Tue Jan 12 00:00:01 PST 2021
1.586
1.044
1.052
1.018
0.981
0.938
0.803
0.935
0.911
1.141
0.908
0.967
0.929
0.964
0.931
1.499
1.628
1.093
1.936
1.235
0.854
0.932
1.362
1.086
1.136
1.544
1.695
0.948
1.036
0.916
1.030
1.063
1.047
1.021
1.453
0.922
1.098
1.125
0.811
0.936
0.973
0.930
1.186
0.795
1.375
0.985
1.103
1.423
0.946
1.000
0.829
0.958
0.935
0.814
0.948
0.985
1.207
0.953
0.925
0.939
0.969
0.835
0.792
0.956
1.087
0.940
0.983
0.782
0.935
0.779
0.785
0.817
0.924
0.962
1.021
0.975
0.964
0.786
1.083
0.959
0.932
0.929
0.947
0.935
0.920
0.814
0.964
0.968
1.061
0.880
1.077
0.938
0.965
0.982
0.967
1.105
0.953
0.928
0.970
0.988

Tue Jan 12 02:00:01 PST 2021
2.472
1.021
1.022
1.178
0.954
1.009
0.965
1.150
1.099
0.833
1.183
0.977
1.266
0.997
1.049
0.887
1.575
0.846
1.031
1.176
0.940
1.160
1.387
0.999
1.050
1.006
1.133
1.114
1.165
1.003
1.003
0.922
1.339
1.037
1.078
1.092
1.011
1.094
1.184
0.960
0.984
1.278
1.326
0.829
1.470
0.964
1.355
0.964
0.959
0.961
0.783
0.932
0.933
1.004
0.932
0.965
0.821
1.024
1.056
1.009
0.963
1.055
1.094
1.092
1.101
1.006
1.043
0.822
0.970
0.970
0.821
0.916
0.979
0.910
0.970
0.949
1.229
0.922
0.964
0.819
0.968
0.974
0.958
1.051
1.029
0.969
0.966
0.834
0.966
0.975
0.852
1.064
1.099
1.016
0.966
0.987
1.008
0.961
0.969
1.003

Tue Jan 12 04:00:02 PST 2021
2.493
0.983
0.990
1.182
1.140
0.990
1.907
0.989
1.212
0.925
1.197
0.913
0.831
0.924
1.524
0.970
1.741
2.015
0.823
1.308
1.069
1.558
0.780
1.341
0.846
1.734
0.968
1.523
1.147
1.054
1.324
1.056
0.856
0.972
0.876
1.071
1.157
0.967
1.221
0.966
1.404
1.010
0.965
0.964
1.079
0.934
1.019
0.967
0.986
0.995
1.020
0.967
1.336
0.930
0.985
0.901
0.969
0.817
0.997
1.036
0.974
0.813
0.972
1.027
0.971
0.968
0.976
0.967
1.009
1.020
0.974
1.091
1.123
0.965
0.973
0.828
0.974
0.827
0.963
1.049
1.004
0.986
0.994
0.988
0.981
0.964
0.972
0.823
0.849
0.959
1.051
1.109
0.990
0.943
0.998
0.795
0.975
0.973
0.972
0.963

Tue Jan 12 06:00:01 PST 2021
2.429
0.807
1.084
1.301
0.956
0.964
0.816
2.520
0.957
1.002
1.114
0.939
1.045
0.955
0.928
0.963
1.297
1.065
0.932
1.526
0.986
1.017
0.799
1.411
0.958
1.495
0.929
1.197
1.052
1.033
0.941
1.302
1.205
1.366
1.314
0.791
1.133
0.961
1.208
0.948
0.952
0.966
0.956
0.972
1.276
0.927
1.081
0.941
1.000
1.090
0.975
0.828
0.830
1.001
1.643
1.040
0.935
0.951
0.870
1.015
0.938
0.930
1.018
0.790
0.946
1.215
0.931
0.993
1.007
0.961
0.943
0.842
0.987
0.931
0.805
0.930
0.973
0.928
0.928
0.927
0.944
0.926
0.942
0.787
0.801
0.948
0.947
0.944
0.949
1.033
0.947
0.941
0.947
1.001
0.941
0.944
0.928
1.035
0.985
0.958

Tue Jan 12 08:00:01 PST 2021
1.586
0.964
0.941
1.023
0.777
0.950
1.043
0.939
1.791
0.973
0.811
1.001
1.037
1.270
0.930
1.142
1.065
1.501
1.040
2.195
1.788
1.048
0.925
1.086
0.964
0.950
1.097
1.023
0.929
1.053
1.014
1.236
0.943
1.524
0.908
0.972
0.896
0.942
1.153
0.928
0.980
0.938
1.021
0.848
0.981
0.961
1.245
0.929
1.334
0.930
0.941
1.002
0.994
1.077
1.043
1.006
0.939
0.934
0.793
0.926
1.072
1.085
1.139
0.954
0.934
0.945
0.936
1.030
0.931
1.037
0.925
0.945
1.004
0.937
0.938
1.010
2.098
0.925
0.938
0.988
0.925
0.949
0.958
1.063
0.973
0.932
1.064
1.032
0.960
0.959
0.842
0.974
1.065
0.821
1.233
1.060
1.156
1.012
0.770
0.952

Tue Jan 12 10:00:01 PST 2021
1.380
0.830
1.056
0.827
0.817
0.965
0.791
0.956
0.928
1.320
1.095
0.936
1.008
0.927
1.075
0.954
1.088
1.567
1.015
1.409
0.964
1.071
0.840
0.939
1.035
1.260
0.934
1.113
0.948
1.306
0.932
0.793
0.931
1.006
1.197
0.928
1.030
0.926
0.853
0.789
0.964
1.245
1.129
0.923
1.049
0.977
1.357
0.925
0.927
0.933
1.219
1.042
0.999
0.940
0.783
0.924
0.930
0.797
0.919
0.991
0.926
0.817
0.930
0.935
1.038
0.957
1.038
0.962
0.952
0.949
1.022
0.808
1.050
0.915
0.946
0.926
0.838
0.940
1.052
0.952
0.929
0.926
0.934
0.937
0.971
0.930
0.968
0.925
0.789
0.970
0.942
0.766
0.938
0.933
0.930
1.005
0.804
0.773
0.934
1.039

Tue Jan 12 12:00:01 PST 2021
1.480
0.936
0.981
1.061
0.963
0.987
1.016
1.556
0.937
0.955
0.945
0.941
1.431
1.068
0.951
1.087
1.359
0.969
0.922
1.073
0.958
1.050
0.954
1.122
0.942
1.000
0.929
1.297
0.922
1.118
0.923
0.782
0.986
1.092
0.968
1.825
0.954
1.318
0.951
1.230
0.782
1.039
0.778
1.053
0.990
1.464
0.784
0.945
0.813
0.928
0.938
0.949
0.925
0.941
0.961
1.039
0.929
1.012
0.932
0.931
0.932
0.969
0.969
0.965
0.981
0.867
1.049
1.066
0.967
0.924
1.014
0.923
0.958
0.923
0.954
0.924
0.933
0.933
0.894
0.925
0.994
0.926
0.784
0.990
0.813
0.944
0.923
0.962
0.781
0.933
0.935
0.937
0.934
0.926
0.801
0.961
0.997
0.964
0.972
0.940

Tue Jan 12 14:00:01 PST 2021
1.554
1.017
0.946
0.806
1.030
0.945
1.149
1.160
1.691
0.939
0.953
1.058
0.945
1.587
0.938
0.957
0.922
1.345
1.169
0.927
1.424
0.865
1.072
0.931
1.049
0.949
0.808
0.932
1.149
0.935
1.031
0.927
1.021
0.771
0.801
0.938
1.015
0.983
0.997
1.160
1.558
1.352
0.945
0.917
1.150
0.792
1.001
0.933
0.937
0.980
0.952
0.800
0.921
0.930
0.843
0.934
0.927
0.971
0.985
0.947
0.989
0.784
0.936
0.942
0.976
0.949
0.963
0.960
0.951
0.929
0.927
0.923
0.947
0.922
0.926
0.937
0.932
0.844
0.924
0.920
0.944
0.980
1.031
0.976
0.782
0.935
0.782
0.940
0.790
0.772
0.781
0.945
0.967
0.928
0.828
0.929
0.930
0.783
0.815
1.368

Tue Jan 12 16:00:01 PST 2021
1.473
0.938
0.927
0.936
0.987
0.972
0.821
0.944
1.291
1.265
0.812
0.784
0.932
0.935
1.043
1.204
0.782
0.897
1.120
1.009
1.028
0.782
1.018
0.944
1.141
0.937
1.032
0.785
1.025
0.933
0.972
1.572
1.545
0.963
1.309
1.304
0.998
0.968
0.925
1.066
0.935
1.286
0.958
0.964
1.103
0.921
0.916
0.808
0.932
1.581
0.937
0.984
0.936
0.931
0.940
0.938
0.936
0.934
0.961
1.002
1.447
0.981
0.925
0.991
0.935
0.959
0.966
0.826
0.785
0.929
0.921
0.935
0.789
0.923
0.925
0.941
1.025
0.986
0.926
0.820
0.785
0.931
0.985
0.781
0.931
0.927
0.932
1.011
0.927
0.923
0.924
0.930
0.939
0.961
0.782
0.792
0.961
0.958
1.143
0.950

Tue Jan 12 18:00:01 PST 2021
1.306
0.939
0.816
0.989
0.838
0.970
0.964
1.139
1.598
0.991
1.006
0.916
0.996
0.961
1.047
1.345
0.972
1.325
0.928
0.869
0.965
1.306
1.136
0.981
0.993
0.779
0.966
0.924
1.254
0.933
1.127
0.933
0.984
0.948
1.104
0.784
1.282
1.012
0.792
0.783
1.071
0.925
1.020
0.931
0.948
0.943
0.937
0.928
0.784
0.931
0.931
0.937
0.782
0.988
0.782
0.923
0.927
0.925
0.785
0.778
0.980
0.968
0.945
0.939
1.008
0.932
0.928
0.778
0.927
0.963
0.930
0.964
0.931
0.931
0.924
0.932
0.940
0.788
0.940
0.823
0.822
0.974
0.928
0.933
0.921
0.923
0.962
0.945
1.192
0.953
1.026
1.129
0.934
0.923
0.924
0.789
0.913
0.925
0.926
0.986

Tue Jan 12 20:00:01 PST 2021
1.462
0.941
0.958
1.044
0.961
0.945
0.970
0.858
1.378
1.096
0.942
0.970
0.991
0.933
1.336
0.946
1.412
0.906
1.745
0.796
1.170
1.259
0.943
1.136
0.925
1.277
0.934
0.955
0.931
1.215
0.952
0.794
0.950
1.007
0.943
1.292
0.945
0.930
1.044
0.940
1.151
0.979
1.503
0.933
0.945
0.990
0.787
1.149
0.944
0.957
0.798
0.959
0.933
0.787
0.931
0.944
0.943
0.921
1.035
0.976
0.947
0.932
0.946
0.954
0.957
0.820
0.995
0.982
0.940
0.939
0.951
0.933
0.932
0.780
0.946
0.958
0.834
0.979
0.784
0.946
0.938
0.969
0.939
0.944
0.796
0.940
0.954
0.931
0.800
0.843
0.947
0.937
0.946
0.969
0.945
0.942
0.934
1.025
0.930
0.998

Tue Jan 12 22:00:01 PST 2021
1.478
0.970
0.962
0.943
0.944
0.868
1.031
1.603
0.995
0.987
1.202
0.958
0.987
1.120
0.958
1.171
0.946
1.313
0.952
0.791
1.263
1.153
1.225
0.961
0.990
0.944
1.319
0.780
1.146
0.942
1.057
1.206
0.781
1.045
0.934
0.943
0.990
1.014
0.984
1.238
0.938
1.303
0.988
0.938
0.806
0.944
0.955
0.798
0.936
0.985
0.964
0.938
0.967
0.946
0.944
0.947
0.858
0.786
0.969
0.936
1.023
0.941
0.958
0.968
0.799
1.042
0.931
0.941
0.797
0.974
0.787
0.956
0.934
0.965
0.962
0.939
0.940
0.946
0.939
0.814
0.926
0.943
0.960
0.955
0.942
0.947
0.959
0.932
0.989
0.949
0.939
0.935
0.935
0.937
0.947
1.029
0.932
0.944
0.972
0.825

Wed Jan 13 00:00:01 PST 2021
1.447
1.039
0.973
0.977
0.975
0.994
1.189
1.150
1.856
0.976
0.873
1.279
1.033
1.125
0.984
0.968
0.939
1.492
0.823
1.031
1.131
1.126
1.129
1.048
1.003
1.223
1.184
0.989
0.966
1.009
1.020
0.982
0.973
1.067
0.990
1.162
1.315
1.005
0.987
1.133
0.990
1.013
0.985
1.117
1.071
1.099
1.288
0.959
1.505
0.939
0.935
0.978
0.954
0.993
1.054
1.003
0.977
0.972
0.981
0.832
0.948
0.828
1.016
1.136
1.025
0.991
0.810
1.018
1.169
1.021
0.961
0.945
0.835
0.987
0.982
0.983
1.099
1.052
0.957
0.988
0.984
0.979
0.881
0.836
1.125
1.014
0.986
0.997
0.806
0.998
0.903
1.015
0.972
0.995
1.014
0.997
1.015
0.968
0.850
1.019

Wed Jan 13 02:00:01 PST 2021
2.463
0.962
1.122
1.189
1.424
1.053
0.993
1.576
0.949
0.941
0.965
0.938
1.237
0.940
0.846
0.974
1.514
0.947
0.970
1.379
0.806
1.093
0.941
0.957
0.859
1.052
0.947
1.076
0.802
0.902
0.943
0.993
1.135
0.953
1.493
1.056
0.950
1.014
0.938
2.461
1.386
0.942
1.425
0.932
0.952
0.960
0.965
0.950
0.817
0.934
0.980
0.953
0.810
1.070
0.927
0.948
0.945
0.947
0.964
0.950
0.943
0.962
0.834
0.950
0.972
0.940
0.792
0.984
0.943
0.962
1.066
0.936
0.801
0.940
1.103
1.016
0.950
0.944
0.938
0.942
0.938
0.794
1.033
0.948
0.985
0.959
0.958
0.940
0.967
1.005
1.062
0.934
0.938
0.800
1.065
1.086
0.931
0.946
1.001
0.972

Wed Jan 13 04:00:01 PST 2021
1.518
0.940
1.082
0.790
0.820
0.964
0.948
2.147
0.945
0.846
1.118
0.958
1.011
1.129
1.154
0.880
0.905
0.993
1.070
0.789
1.685
1.164
1.801
0.988
1.096
0.963
0.969
1.072
0.965
0.965
1.151
0.793
1.054
0.978
1.178
1.005
1.106
0.939
0.916
1.472
0.976
0.983
1.238
0.954
1.178
0.936
0.990
1.021
1.013
0.790
1.008
0.986
0.962
0.966
0.954
0.785
0.949
0.945
0.962
0.943
0.938
0.936
0.949
0.939
1.071
0.988
0.961
0.937
0.938
0.940
0.814
1.002
0.936
0.853
0.933
0.930
0.940
1.018
0.997
0.791
0.964
0.950
0.936
0.929
0.959
0.796
1.002
0.819
0.928
0.950
0.934
1.008
0.819
0.930
0.948
0.950
0.947
1.001
0.950
0.957

Wed Jan 13 06:00:01 PST 2021
2.447
2.577
0.963
0.795
1.195
1.114
1.785
0.962
1.152
1.038
1.186
0.936
1.236
1.374
0.928
1.515
1.072
1.601
0.945
1.264
1.255
0.930
1.081
0.958
1.463
0.951
1.172
0.804
1.104
1.020
1.070
1.044
1.156
1.210
0.949
1.015
0.949
1.042
0.821
1.076
1.021
1.009
1.287
0.938
1.516
1.126
0.836
0.973
0.942
0.934
1.067
0.985
0.985
0.936
0.984
0.978
1.065
0.949
0.985
1.039
0.852
1.056
1.070
1.116
1.135
0.967
0.982
0.986
0.947
0.824
0.976
0.940
1.062
1.187
0.953
1.075
0.938
1.002
0.952
1.014
0.985
0.984
0.937
0.987
0.978
0.826
1.054
1.139
1.050
1.170
0.974
0.950
0.927
1.015
1.026
0.800
0.977
0.976
1.074
1.078

Wed Jan 13 08:00:01 PST 2021
1.450
0.943
0.969
0.803
1.048
0.934
0.831
0.934
1.098
1.414
0.942
0.929
0.989
1.000
1.705
0.994
0.844
0.983
1.173
0.959
1.070
0.992
1.225
0.979
1.097
1.007
0.934
1.012
1.000
1.106
0.951
1.098
0.827
1.000
1.124
1.275
0.947
1.591
1.143
0.964
1.039
0.993
1.468
0.879
1.050
1.524
0.802
0.941
0.959
0.934
0.937
0.945
0.980
1.010
0.943
1.006
0.943
1.171
0.947
0.978
0.955
0.996
1.046
1.098
0.965
0.952
0.948
0.960
0.932
0.961
0.950
0.954
0.943
0.976
0.937
0.933
0.950
0.944
0.980
1.020
0.944
0.948
1.008
0.931
0.951
0.993
0.950
0.991
0.944
1.046
0.937
1.175
0.941
0.806
0.945
0.924
0.936
0.954
1.000
0.965

Wed Jan 13 10:00:01 PST 2021
2.481
0.771
0.941
1.070
1.052
1.118
0.947
1.296
1.512
1.024
0.954
0.943
1.034
0.972
0.816
1.066
1.214
1.116
0.947
1.671
1.239
0.815
1.151
0.937
1.299
0.974
1.127
0.978
0.811
0.963
0.806
0.809
1.083
1.090
0.950
0.982
1.124
0.867
1.221
0.997
1.297
0.967
0.992
0.827
0.937
0.951
1.051
0.936
0.932
0.950
1.008
0.947
0.982
0.942
0.794
0.919
0.987
1.049
1.035
0.949
0.936
0.950
0.961
0.974
0.975
0.972
0.979
0.984
0.980
0.974
0.994
0.975
1.057
1.011
0.986
1.017
0.968
0.980
0.948
0.987
0.985
1.012
1.059
0.981
0.969
0.974
0.974
0.986
1.001
0.974
0.984
0.820
0.932
0.981
0.973
0.962
0.780
0.924
0.934
0.939

Wed Jan 13 12:00:01 PST 2021
1.310
0.964
1.134
0.951
1.235
0.941
0.976
0.928
1.733
0.957
0.966
1.010
1.044
0.939
1.130
0.936
1.515
0.814
1.081
1.122
0.956
1.249
0.786
1.444
1.184
0.993
1.018
0.940
1.014
0.942
1.121
1.501
0.968
1.692
0.941
1.273
1.145
0.933
0.975
1.192
1.343
1.483
1.536
0.833
1.283
0.936
0.864
0.956
0.943
0.951
1.008
0.940
0.962
0.945
0.941
1.073
0.914
1.067
0.940
0.942
0.930
0.946
0.942
0.986
0.885
0.960
0.940
0.933
0.940
0.796
0.786
0.783
0.933
0.953
1.028
0.940
0.945
0.999
1.078
0.939
0.975
0.968
0.940
0.923
0.799
0.932
0.779
0.932
0.943
0.931
0.932
0.835
0.951
0.942
1.005
0.955
0.798
0.791
0.961
0.958

Wed Jan 13 14:00:01 PST 2021
2.455
1.021
0.938
0.792
0.947
1.237
1.405
0.953
0.978
1.100
0.823
0.984
0.940
1.025
0.982
1.210
1.002
0.947
1.209
1.226
1.614
1.369
0.972
0.950
0.992
1.009
1.414
0.937
0.983
0.798
1.250
1.119
0.965
0.912
1.048
1.216
1.367
0.854
1.135
1.040
0.793
1.069
0.945
1.491
0.814
0.976
0.964
0.957
0.786
1.046
0.956
0.972
0.941
0.938
1.013
0.937
0.868
0.790
0.933
0.970
0.950
0.819
0.966
0.961
0.936
1.065
0.947
0.982
0.782
0.948
0.964
0.935
0.940
0.966
0.932
0.941
0.970
0.791
1.051
0.978
0.975
0.826
0.952
0.797
1.038
1.035
1.064
1.526
0.937
0.790
0.799
0.782
0.935
0.972
0.801
0.826
0.978
1.048
1.005
0.789

Wed Jan 13 16:00:01 PST 2021
1.438
0.935
0.931
0.951
1.270
0.943
0.954
0.929
1.431
0.937
0.936
0.940
0.936
1.207
1.307
1.188
0.942
1.267
0.947
1.146
1.206
1.237
1.022
1.705
0.938
1.169
0.943
0.788
0.938
0.992
1.081
0.937
1.136
0.945
1.253
1.094
0.817
0.953
0.973
0.938
1.560
0.974
1.195
1.197
0.936
1.521
0.998
0.937
0.946
0.793
0.969
0.796
0.970
0.939
0.794
0.945
0.952
0.831
0.957
0.967
0.937
0.894
0.782
1.022
1.042
0.969
1.019
0.805
0.935
0.941
0.941
0.934
0.935
0.958
0.946
0.938
0.951
0.953
0.938
0.978
0.939
0.791
0.936
0.932
0.776
1.005
0.948
0.953
0.940
0.934
0.968
0.948
0.940
0.943
0.924
0.991
0.807
0.975
0.960
0.948

Wed Jan 13 18:00:01 PST 2021
1.457
0.832
0.975
1.058
0.981
0.974
1.035
0.895
1.125
1.514
0.812
0.838
1.087
0.929
1.280
1.177
0.782
1.470
0.949
0.934
1.086
1.097
0.980
1.261
0.932
1.015
0.940
1.050
0.791
0.821
0.956
0.797
0.790
0.937
1.041
1.107
0.949
0.906
1.058
0.971
0.849
0.933
1.068
0.804
1.173
0.779
1.028
0.794
1.082
0.777
0.836
0.793
0.939
0.947
0.941
0.938
0.848
0.950
0.936
0.964
0.956
0.940
0.999
0.793
0.941
0.938
0.936
0.942
0.799
1.013
0.960
0.931
0.946
0.940
0.949
0.936
0.934
0.973
0.940
0.793
0.974
0.780
0.969
0.947
0.957
0.803
0.790
0.945
0.923
0.945
0.937
0.937
0.933
0.993
0.948
0.936
0.972
0.943
0.821
0.934

Wed Jan 13 20:00:01 PST 2021
1.464
0.960
0.965
0.946
0.968
1.013
0.998
1.140
1.642
0.964
1.223
1.257
0.940
0.987
1.073
1.041
1.323
0.958
1.162
0.810
1.702
0.794
1.075
0.925
0.963
0.882
0.967
0.923
0.934
0.980
0.941
1.046
0.963
1.375
0.932
1.338
0.924
0.975
0.803
1.019
0.938
0.932
1.098
0.947
1.486
0.861
0.937
0.942
0.996
0.781
0.934
0.952
0.946
0.932
0.931
0.947
0.951
0.939
0.978
0.952
0.843
0.952
0.953
0.795
0.803
0.951
0.856
1.037
0.973
0.787
0.941
0.787
0.820
0.926
0.793
0.788
0.972
0.935
0.800
0.785
0.963
0.950
0.790
0.939
0.947
0.801
0.940
0.947
0.942
0.949
0.940
0.784
1.190
0.788
0.831
0.956
0.936
0.948
0.952
0.843

Wed Jan 13 22:00:01 PST 2021
1.617
0.790
0.949
1.178
0.943
0.795
1.251
1.794
0.932
1.019
1.455
0.943
0.937
0.875
0.959
0.995
0.800
0.945
0.975
1.123
0.945
1.299
0.796
1.103
1.014
0.951
0.963
1.026
0.950
1.164
0.951
1.395
0.944
0.949
1.149
0.953
1.071
0.942
1.344
0.787
1.493
1.107
0.793
1.118
0.804
0.802
0.943
0.806
0.788
0.939
1.046
0.955
0.967
0.961
0.795
0.961
0.919
0.949
1.072
0.998
0.930
0.945
0.778
0.777
0.787
0.970
0.956
0.948
0.962
0.949
1.041
0.964
0.933
0.940
0.943
0.943
0.939
0.928
0.975
0.942
0.789
0.959
1.025
1.063
0.792
0.786
0.995
0.943
0.974
0.954
0.954
0.943
0.955
0.939
0.785
0.943
0.788
0.798
0.951
0.935

Thu Jan 14 00:00:01 PST 2021
1.458
0.969
0.962
1.241
0.954
1.064
1.081
1.618
1.537
0.942
1.020
1.304
0.990
1.162
0.937
0.961
1.182
0.962
1.523
1.437
0.987
1.104
0.972
1.021
0.943
1.101
0.932
0.964
0.927
1.048
0.814
1.023
0.991
1.417
0.845
1.353
1.393
0.951
1.183
0.948
0.886
0.949
0.987
0.960
0.953
1.033
0.787
0.973
0.867
0.996
0.946
0.951
0.923
1.019
1.021
1.069
0.927
0.999
1.009
0.943
0.950
0.974
0.944
0.941
0.832
0.995
0.801
0.949
0.805
0.932
0.949
0.948
0.983
0.946
0.938
1.189
0.946
1.023
0.963
0.962
0.971
0.804
0.942
0.934
0.820
0.787
0.947
0.839
0.947
0.945
0.952
0.956
0.960
0.963
0.942
0.952
0.835
0.789
0.837
0.969

Thu Jan 14 02:00:01 PST 2021
1.454
0.942
0.833
0.805
0.789
1.557
1.296
0.807
1.558
1.072
1.465
0.814
0.952
1.100
1.062
1.494
1.123
1.076
1.023
0.794
1.018
1.184
0.953
1.718
1.108
1.373
0.955
1.024
0.963
0.952
0.935
1.001
0.937
1.098
0.931
1.714
0.938
1.168
0.942
1.162
1.138
0.786
0.951
0.942
1.171
0.952
1.082
0.963
0.967
0.950
0.980
0.970
0.974
0.801
1.011
0.974
1.161
0.846
1.006
0.781
0.946
0.947
0.938
0.968
0.946
1.006
0.945
0.928
0.773
0.970
0.929
0.937
0.934
0.952
0.945
0.797
0.943
0.976
0.941
0.822
0.787
0.957
0.942
0.965
0.986
0.801
0.958
0.968
0.936
1.104
0.939
0.943
0.948
0.947
0.945
0.956
0.985
0.949
0.937
1.195

Thu Jan 14 04:00:01 PST 2021
2.456
1.069
0.980
0.997
1.357
1.374
1.579
0.937
1.023
1.015
1.087
1.197
0.878
1.395
0.974
1.304
0.945
1.153
1.438
0.966
1.097
0.779
0.947
1.108
1.087
0.952
1.308
0.926
1.104
0.983
0.944
0.986
1.127
1.026
1.099
0.948
0.934
0.948
0.919
0.966
1.056
0.964
1.032
0.949
1.010
0.948
0.792
0.938
0.959
0.823
0.962
0.963
0.931
0.976
0.974
0.961
0.976
0.935
0.961
0.963
0.942
1.014
0.792
1.018
1.001
0.959
0.973
0.989
1.059
0.938
0.941
0.941
1.048
0.962
0.817
0.956
0.983
0.941
0.781
0.938
0.982
0.983
0.950
0.979
0.951
0.796
0.944
0.942
0.792
0.928
0.785
1.013
0.940
0.955
0.944
0.780
0.941
0.939
1.017
0.940

Thu Jan 14 06:00:01 PST 2021
1.567
1.067
0.988
0.974
0.899
0.927
1.287
1.005
1.198
1.625
1.002
0.980
0.971
1.112
0.986
1.141
0.999
1.280
1.018
1.104
1.558
1.165
1.174
1.063
1.492
0.984
1.016
0.997
1.630
0.986
1.512
0.988
0.831
0.983
1.089
0.951
1.021
1.308
0.948
1.097
1.006
1.012
0.968
1.541
1.205
1.358
1.067
0.983
0.849
1.001
0.838
0.931
1.017
1.066
0.989
0.828
0.974
0.992
0.987
1.001
1.048
1.001
1.026
0.967
1.098
0.988
0.957
1.035
1.067
0.998
0.980
0.973
0.979
0.976
1.002
0.982
1.027
0.993
0.844
0.790
1.043
1.014
0.982
1.754
0.980
0.834
0.995
0.995
1.004
0.925
0.978
0.977
1.023
0.986
0.997
0.844
0.978
0.954
0.976
0.979

Thu Jan 14 08:00:01 PST 2021
2.483
0.949
0.970
1.075
1.044
1.208
0.952
0.944
0.953
0.966
0.968
1.231
1.601
0.952
0.851
0.974
0.978
1.094
0.950
1.004
0.995
0.972
0.945
0.960
0.940
1.153
1.181
0.946
0.954
0.942
1.861
0.957
0.970
0.987
1.256
0.944
1.278
0.801
1.051
1.013
0.941
1.238
0.936
0.838
0.793
0.929
1.066
0.933
0.819
0.940
1.028
0.959
1.091
0.974
0.967
0.802
0.940
1.249
0.945
0.946
0.943
0.930
0.948
0.938
0.940
0.981
0.799
0.932
0.938
0.973
0.948
0.957
0.952
0.827
0.990
1.751
0.950
1.105
0.804
0.939
0.946
0.945
0.936
0.864
0.933
0.827
1.015
1.040
0.940
0.937
0.790
0.937
0.954
0.935
0.799
0.958
1.421
0.940
0.941
0.942

Thu Jan 14 10:00:01 PST 2021
1.458
0.970
0.828
1.373
1.221
1.037
0.837
0.884
1.004
1.922
1.015
0.990
1.079
1.256
1.231
0.958
0.883
1.157
0.988
0.947
1.958
0.981
1.237
1.215
0.957
1.171
1.623
0.949
1.014
0.955
1.050
1.080
0.992
0.803
1.161
1.303
1.306
1.037
1.097
1.004
0.980
0.984
1.043
0.931
1.166
0.932
0.945
1.021
0.833
0.820
0.986
0.936
0.973
1.051
1.108
1.210
1.005
0.994
0.954
1.095
0.934
0.823
1.027
1.092
0.798
0.806
0.934
0.943
0.836
0.965
1.019
1.052
0.911
0.942
1.069
1.098
0.875
0.969
0.944
0.945
0.996
0.993
0.937
1.054
0.978
0.966
0.947
0.982
1.062
1.248
0.948
0.971
0.947
0.821
1.129
0.943
0.788
0.951
0.786
0.941

Thu Jan 14 12:00:01 PST 2021
1.327
0.944
0.940
0.935
0.971
1.089
1.009
1.331
1.651
0.953
0.977
1.274
0.962
1.203
1.245
0.959
1.381
0.974
1.142
1.086
1.093
1.113
1.184
0.934
0.969
1.529
0.932
1.116
0.783
1.038
0.953
0.959
1.499
1.172
1.046
1.769
0.951
1.046
1.139
0.942
1.523
0.821
1.044
1.024
0.929
0.786
0.932
0.959
0.942
0.952
0.984
0.951
0.969
0.939
0.930
1.012
0.933
0.799
0.926
0.947
0.937
0.783
0.959
1.002
1.012
0.792
1.193
1.006
0.939
0.951
0.946
0.942
1.027
0.807
0.946
1.084
0.965
0.796
1.169
0.933
0.823
1.047
0.940
0.939
0.944
0.950
0.957
0.914
0.943
0.944
0.934
0.944
0.937
0.798
0.952
0.985
0.945
0.786
0.941
0.950

Thu Jan 14 14:00:01 PST 2021
1.431
0.938
0.948
1.103
1.080
0.929
1.032
1.824
0.974
0.969
1.206
0.968
1.764
1.412
0.801
0.928
0.789
1.259
0.941
0.786
1.030
0.979
1.017
1.206
1.069
0.942
1.247
0.943
1.459
1.047
1.197
1.107
0.804
1.101
0.790
1.089
0.941
1.283
0.939
1.233
0.952
0.953
1.125
0.958
0.802
0.932
0.944
0.797
0.936
0.944
0.942
0.977
0.943
0.995
0.948
0.981
0.964
0.998
0.960
0.960
0.946
0.937
0.950
0.936
0.934
0.970
1.452
0.939
0.934
0.969
0.934
0.787
0.786
0.939
0.939
0.931
1.011
0.871
0.942
0.924
0.952
0.929
0.800
0.865
0.792
0.940
0.953
0.944
0.812
0.939
0.944
0.966
0.998
0.788
0.941
0.939
0.805
0.935
0.955
0.965

Thu Jan 14 16:00:01 PST 2021
1.463
0.989
0.945
1.148
1.000
0.792
0.966
1.247
1.901
0.953
1.109
0.952
1.011
1.075
0.940
0.938
1.010
1.075
0.949
0.938
0.879
0.971
1.284
1.810
0.945
1.177
1.160
1.090
1.304
0.947
0.956
0.988
0.966
1.101
0.959
1.041
1.001
1.054
0.776
0.979
0.784
0.939
0.978
0.960
0.788
0.947
1.126
0.944
1.002
0.797
0.798
0.968
0.925
0.941
0.784
0.858
0.933
0.807
0.823
1.045
0.940
0.945
0.790
0.940
0.931
1.022
0.948
0.955
0.959
0.944
4.004
0.789
0.942
0.935
0.851
0.936
0.945
0.969
0.942
0.849
0.965
0.973
0.789
0.951
0.959
0.958
0.943
0.962
0.939
0.927
0.934
0.950
1.031
0.937
0.933
0.943
0.942
0.976
0.787
1.014

Thu Jan 14 18:00:01 PST 2021
1.298
0.983
0.985
0.948
1.079
0.949
0.946
1.181
1.425
0.974
0.961
1.305
0.937
1.029
1.180
0.789
1.583
1.142
0.932
1.008
0.984
1.438
1.601
0.799
0.815
0.935
0.968
0.944
1.080
0.941
0.799
0.971
0.845
0.933
1.002
1.012
0.957
0.797
1.010
0.955
0.932
0.983
1.235
0.949
1.535
0.951
1.132
0.928
0.935
0.939
0.802
0.936
0.836
0.971
0.787
0.936
0.949
0.793
0.934
1.020
0.930
0.955
0.958
0.788
0.795
0.941
0.978
0.973
0.993
0.797
0.933
0.787
0.947
0.982
0.974
0.931
0.942
0.940
0.935
1.012
0.942
0.791
0.940
0.938
0.932
0.947
0.992
0.944
0.815
0.876
0.788
0.936
0.800
0.793
0.980
0.975
0.937
0.928
0.964
0.833

Thu Jan 14 20:00:01 PST 2021
2.589
0.804
1.124
0.972
0.934
1.088
1.781
1.103
1.051
0.962
1.069
0.871
1.180
1.002
1.034
0.932
0.946
1.125
0.938
1.208
1.065
1.920
0.961
1.153
1.495
0.971
0.803
0.973
1.026
0.961
0.843
0.933
1.095
0.885
1.249
0.801
1.208
0.951
0.782
0.962
1.031
1.560
0.844
0.938
0.801
0.945
0.947
0.943
0.954
0.933
0.954
1.003
0.943
0.951
0.827
0.938
0.804
0.793
0.923
0.859
0.784
0.939
0.941
0.942
0.946
0.986
0.967
0.962
0.940
0.985
0.935
0.790
0.974
0.784
1.000
0.959
0.834
0.931
0.966
0.914
0.782
0.943
0.946
0.787
0.943
0.939
0.952
0.951
0.781
0.933
0.825
0.792
0.967
0.933
0.995
0.822
0.860
0.982
0.980
0.790

Thu Jan 14 22:00:01 PST 2021
1.391
0.826
0.832
0.974
0.935
1.126
0.973
1.045
1.301
1.476
0.953
0.966
0.791
1.003
0.834
1.127
1.002
0.824
1.219
0.811
1.479
1.261
0.937
1.006
0.942
1.053
0.934
1.390
0.945
1.080
0.781
0.981
0.970
0.786
0.943
0.954
0.951
1.119
0.804
1.072
1.016
0.840
0.961
1.061
0.946
0.789
0.929
0.932
0.949
0.948
0.794
0.941
0.963
0.946
0.950
0.805
0.940
0.784
0.961
0.939
0.969
0.932
0.964
0.802
0.936
0.870
0.940
0.942
0.946
0.954
0.967
0.854
0.788
0.947
0.776
0.950
0.789
0.826
0.941
0.985
0.990
0.829
0.940
0.992
0.905
0.946
0.975
0.953
0.961
0.939
0.926
0.933
0.796
0.790
0.783
0.965
0.776
0.942
0.942
1.030

Fri Jan 15 00:00:01 PST 2021
1.463
0.956
0.794
0.940
0.939
1.141
0.982
1.090
0.959
0.946
1.638
0.943
0.995
1.308
0.810
1.420
0.965
1.009
1.163
1.138
1.331
1.123
1.252
0.943
1.074
0.986
0.928
0.992
1.046
1.026
1.368
0.935
0.990
1.043
1.060
1.390
0.940
1.077
0.813
1.355
0.985
0.957
1.079
0.951
1.101
0.955
0.995
0.967
0.943
1.417
0.978
0.969
0.982
0.819
0.951
0.943
1.031
1.082
0.952
0.945
0.944
0.946
0.956
0.976
1.483
0.804
0.933
1.017
1.012
0.959
0.995
0.786
0.995
0.947
1.095
0.941
0.941
0.945
0.936
0.950
0.953
0.997
0.939
0.951
0.935
1.067
0.960
1.001
0.964
1.087
0.904
0.952
0.800
0.954
0.835
1.105
1.101
1.108
0.948
0.964

Fri Jan 15 02:00:01 PST 2021
1.303
0.993
0.966
0.996
1.007
0.796
0.996
1.468
1.110
0.979
0.928
1.263
1.027
1.591
0.964
0.852
1.041
1.370
0.936
1.478
0.956
1.089
0.936
1.126
0.941
0.934
0.791
1.339
0.806
0.983
1.224
0.949
1.589
1.357
0.961
0.939
0.960
1.090
0.964
1.064
0.929
1.010
0.955
0.975
0.943
1.084
0.943
1.149
0.946
0.965
0.945
0.951
0.936
0.807
1.092
0.940
0.945
0.934
0.800
0.823
0.943
0.954
0.941
1.024
0.955
0.944
0.853
0.926
0.976
0.863
0.959
0.936
0.804
1.010
0.788
0.948
1.079
0.936
0.823
0.952
0.967
0.954
0.951
0.970
0.968
0.951
0.975
0.939
0.955
0.790
0.947
0.944
0.946
0.961
0.800
0.936
0.956
0.973
0.940
0.969

Fri Jan 15 04:00:01 PST 2021
2.483
1.073
0.948
0.948
0.879
0.937
1.777
1.762
1.523
1.027
1.020
0.961
0.958
1.534
0.952
0.937
0.939
1.091
1.016
1.320
0.938
1.019
0.947
1.170
0.888
1.109
1.187
0.994
1.057
1.275
0.956
1.129
0.957
0.930
0.946
1.004
0.812
0.939
1.328
0.912
1.006
1.002
0.817
0.786
1.427
0.777
0.876
0.936
1.253
0.814
0.811
0.977
0.937
0.973
0.961
1.039
0.968
0.957
0.951
0.951
1.034
0.944
0.958
0.952
1.124
1.026
0.809
0.815
1.142
0.926
0.994
0.943
0.979
0.976
0.992
0.970
0.936
1.028
1.000
1.098
0.967
0.981
1.113
1.139
1.029
0.970
0.973
0.823
0.947
0.940
0.984
0.984
1.000
0.979
0.845
0.838
0.960
0.885
0.948
0.944

Fri Jan 15 06:00:01 PST 2021
1.314
1.055
1.055
1.102
1.028
0.937
1.001
1.043
1.838
1.658
0.954
0.986
0.941
0.953
1.108
0.947
0.995
0.986
1.493
1.087
1.308
1.015
1.391
1.142
0.945
1.478
0.966
1.153
0.822
1.070
0.789
1.103
0.788
1.066
0.987
0.941
0.976
1.008
1.143
1.193
1.452
0.951
1.148
0.947
1.410
0.787
1.416
1.005
0.886
1.009
0.941
0.948
0.816
0.968
0.961
1.021
1.243
0.963
0.958
0.959
1.027
1.088
0.967
0.990
1.036
0.921
0.937
0.944
0.952
0.943
0.828
0.782
0.848
1.007
0.952
0.793
0.950
0.940
0.962
1.014
0.794
0.930
0.992
0.959
1.031
0.967
0.940
0.946
0.926
0.956
0.966
0.954
0.964
1.121
0.953
0.837
0.989
0.914
0.941
0.958

Fri Jan 15 08:00:01 PST 2021
1.466
0.943
0.935
0.808
0.789
0.965
0.933
0.937
1.085
1.784
1.221
0.987
0.811
0.955
1.631
1.137
0.984
0.798
0.866
0.969
1.298
0.967
1.002
1.005
1.271
0.957
1.205
1.003
1.073
0.954
0.849
0.951
1.123
0.947
1.176
0.809
1.200
0.834
1.428
0.940
1.193
0.964
0.987
0.795
1.260
1.012
0.942
1.212
0.975
1.078
1.482
0.813
1.516
0.977
1.046
1.028
1.167
1.063
0.947
0.944
0.941
1.012
0.939
0.819
0.953
0.934
0.970
1.416
0.933
0.937
0.795
0.843
0.934
0.933
0.937
0.976
0.942
0.937
1.002
0.837
0.975
0.952
0.930
0.933
0.945
0.940
0.948
0.969
1.011
0.802
0.955
0.953
0.999
0.947
0.935
0.792
0.999
0.803
0.937
0.929

Fri Jan 15 10:00:01 PST 2021
1.472
0.982
0.807
1.021
0.814
0.786
0.859
0.966
1.625
1.014
0.947
1.020
0.970
1.031
0.941
0.949
0.998
1.189
0.986
1.048
0.928
0.974
1.070
0.985
1.116
0.938
0.983
1.017
1.544
0.785
1.130
0.808
0.845
0.788
1.088
0.940
1.477
0.961
1.116
1.075
0.982
1.103
0.955
0.941
0.957
0.806
0.975
0.832
0.810
0.946
1.027
0.919
0.957
0.950
0.784
0.932
0.957
0.948
0.957
0.973
1.087
0.950
0.985
0.945
0.943
0.940
1.014
0.956
0.969
0.960
0.934
0.936
0.852
0.979
0.787
0.938
0.781
0.942
0.942
0.985
0.946
0.793
0.972
0.979
1.041
0.986
0.937
0.943
0.800
1.016
0.957
1.137
0.992
0.788
0.786
0.936
0.933
1.020
1.062
0.938

Fri Jan 15 12:00:01 PST 2021
1.311
0.947
1.002
0.974
0.985
0.833
0.976
0.995
1.363
1.855
1.477
1.207
0.989
1.237
1.145
1.091
1.073
1.469
1.063
0.822
0.852
1.063
1.151
0.835
0.854
1.032
1.236
0.988
1.398
0.978
1.152
1.120
1.010
1.391
1.154
1.277
0.954
0.989
0.989
1.003
0.988
0.973
0.993
1.301
0.981
1.180
0.883
0.996
0.834
0.972
0.968
1.016
0.991
0.981
0.951
0.798
0.971
1.006
0.960
0.825
0.975
0.983
0.994
0.986
0.853
0.885
1.002
0.988
0.833
0.829
0.826
0.958
0.793
0.954
0.978
0.993
0.979
0.854
0.829
0.977
0.972
1.023
0.837
0.983
0.940
1.065
0.944
0.986
0.981
1.096
1.064
1.033
1.006
0.991
0.856
1.113
1.035
0.985
0.844
0.975

Fri Jan 15 14:00:01 PST 2021
1.454
1.187
1.022
1.040
0.947
0.822
0.984
1.062
1.125
1.430
1.112
0.958
0.979
1.084
1.572
1.181
0.959
1.476
0.834
1.080
1.496
0.878
1.548
1.004
0.976
0.983
0.990
1.359
0.975
1.464
0.969
0.980
0.973
0.829
0.976
0.846
1.174
0.830
1.154
1.000
1.554
0.997
0.844
0.938
1.006
1.058
0.950
0.991
1.001
0.937
0.949
0.937
0.944
0.919
0.818
0.934
0.935
0.812
0.940
0.938
0.946
0.942
0.952
0.937
0.797
1.007
0.981
0.862
0.967
0.960
0.983
0.976
0.999
0.993
0.997
0.859
0.821
0.823
0.977
0.976
0.982
0.977
0.828
0.827
0.971
0.979
0.979
0.965
0.963
1.005
0.938
0.975
0.995
0.841
0.973
0.903
0.983
0.993
0.988
0.975

Fri Jan 15 16:00:01 PST 2021
1.615
0.946
0.953
0.994
0.945
0.945
0.993
0.910
1.239
1.457
0.954
1.019
0.829
0.960
0.916
0.797
0.959
0.967
1.217
1.262
0.831
0.960
1.444
0.942
1.236
0.968
2.020
0.831
1.440
1.032
1.148
0.994
0.937
1.103
0.944
1.242
0.864
0.997
0.783
1.097
0.952
1.067
1.104
1.215
0.937
1.020
0.970
0.791
1.004
0.819
0.803
0.869
0.934
0.784
0.789
0.939
0.992
0.981
0.951
0.837
0.945
0.804
0.933
0.950
0.940
0.790
0.853
1.009
0.987
0.943
0.796
0.950
0.981
0.951
0.801
0.934
0.792
1.028
0.942
0.934
0.955
0.925
0.837
0.938
0.798
0.942
0.944
0.803
0.988
0.787
0.943
0.794
1.002
0.795
0.939
0.943
0.786
0.939
0.790
0.937

Fri Jan 15 18:00:01 PST 2021
1.596
0.982
1.156
1.154
0.875
0.991
1.165
1.242
1.300
2.011
1.010
0.831
0.968
1.005
1.110
1.172
0.989
1.334
0.965
0.822
1.109
0.873
0.985
1.166
0.983
1.137
0.979
1.566
0.814
1.168
1.202
0.983
1.095
0.826
1.201
0.775
1.076
1.016
1.010
1.001
1.227
0.981
1.084
0.951
0.953
0.991
0.839
0.992
1.041
0.865
0.947
0.973
0.980
1.071
0.983
0.827
0.843
0.986
0.987
0.981
1.003
0.987
1.027
1.088
1.002
0.983
0.998
0.973
0.832
0.832
0.984
0.840
0.832
0.825
0.838
0.987
0.825
1.035
0.984
0.982
0.978
1.003
1.007
0.997
0.839
0.953
0.825
0.798
0.959
1.272
0.974
0.795
0.956
0.823
0.824
0.976
0.983
0.829
0.977
0.978

Fri Jan 15 20:00:02 PST 2021
1.545
0.929
0.935
1.054
0.999
1.113
1.136
1.257
1.139
0.964
0.946
0.938
0.823
1.383
1.188
0.944
1.206
0.785
0.916
0.791
1.476
1.144
1.011
1.407
0.933
1.074
1.203
0.982
1.040
1.017
1.412
1.092
0.806
1.107
0.842
1.119
0.846
0.954
0.895
0.795
1.091
1.203
0.801
1.001
0.781
0.937
0.942
0.937
0.947
0.943
0.942
0.951
0.800
0.941
0.959
0.796
0.973
0.945
1.740
0.974
0.945
0.945
1.014
0.945
0.936
0.806
0.800
0.999
0.947
0.971
0.791
0.935
0.928
0.936
0.947
0.944
0.949
0.832
0.805
0.937
0.787
1.018
0.960
0.949
0.953
0.792
0.780
0.927
0.939
0.960
0.947
0.938
0.792
0.937
0.989
0.942
0.793
0.951
0.805
0.816

Fri Jan 15 22:00:01 PST 2021
1.471
0.978
0.980
0.974
0.986
0.908
1.003
0.862
0.832
1.543
1.134
0.972
1.162
0.850
1.181
1.331
0.992
1.454
1.230
1.017
1.738
0.940
1.579
1.177
0.812
1.065
1.040
1.223
0.997
1.097
1.128
0.986
1.451
1.212
1.155
1.401
1.194
0.856
1.022
0.835
1.343
0.982
1.186
0.785
1.013
0.968
0.848
0.993
0.835
1.008
0.822
0.855
0.863
0.941
0.823
1.011
0.987
0.977
0.830
0.829
0.974
0.824
0.969
0.984
0.830
0.986
0.978
0.838
0.981
1.039
0.951
1.009
0.973
0.972
0.977
1.039
0.952
0.994
0.984
0.977
0.981
0.983
0.978
0.970
0.830
0.950
1.039
0.978
0.963
0.969
0.976
1.004
1.005
1.003
1.002
0.954
0.824
0.975
0.970
0.829

Sat Jan 16 00:00:01 PST 2021
1.456
0.825
0.816
1.181
1.022
0.840
0.949
1.585
0.882
0.996
0.920
1.193
1.025
1.297
1.005
1.030
0.985
1.322
1.355
0.790
0.839
1.495
1.409
0.998
1.512
1.314
1.184
0.994
0.838
1.233
0.993
1.476
0.982
1.058
0.996
0.854
1.004
1.026
1.199
0.990
1.042
0.961
1.331
0.981
1.029
1.029
1.004
0.855
0.985
0.975
0.828
0.981
0.841
0.885
0.985
0.987
1.212
0.980
0.829
0.982
1.083
0.912
0.824
0.994
0.843
1.010
0.988
0.998
1.056
0.985
0.979
0.979
1.046
0.834
0.974
0.951
0.975
0.826
0.842
0.975
0.976
0.828
0.987
0.994
0.828
1.023
0.983
1.037
0.817
0.804
0.964
0.996
1.003
0.962
1.051
0.855
1.004
0.996
0.998
0.841

Sat Jan 16 02:00:01 PST 2021
1.496
0.971
0.952
0.802
0.967
0.957
0.874
0.943
0.944
1.793
0.932
0.954
0.951
1.001
1.002
1.225
0.939
1.341
1.063
0.981
1.119
1.060
1.429
1.179
0.784
1.046
0.835
0.950
0.941
1.078
0.946
0.981
0.796
0.955
1.002
1.132
0.852
1.055
0.970
1.004
0.953
1.004
1.002
1.568
0.943
0.965
0.928
0.953
1.026
0.941
0.797
0.940
0.800
0.829
0.965
0.800
0.815
0.950
0.963
1.057
0.944
0.794
0.934
0.977
1.005
0.828
0.838
1.136
1.004
1.023
0.823
0.839
0.808
1.033
0.945
0.949
0.791
0.796
0.999
0.924
0.836
0.943
0.973
0.999
0.977
0.972
0.938
0.942
1.015
0.793
0.952
0.935
0.791
0.941
0.891
0.990
0.971
0.979
1.024
0.845

Sat Jan 16 04:00:01 PST 2021
3.273
0.856
0.979
0.987
0.826
0.981
2.359
1.053
0.989
0.981
0.866
0.837
1.197
0.865
1.447
1.033
0.791
1.003
0.978
0.885
1.220
0.973
0.868
0.983
0.943
0.982
0.853
1.025
0.828
0.814
1.247
1.147
0.967
1.260
0.948
1.041
0.836
1.185
1.012
1.591
0.969
0.833
0.972
0.825
0.955
0.980
1.019
0.978
0.991
0.804
0.812
0.838
0.825
0.972
0.802
0.969
0.990
0.985
1.001
0.850
0.970
0.974
0.979
0.978
1.019
0.826
0.920
0.994
1.034
0.976
0.985
0.955
0.941
0.791
0.948
1.012
0.942
0.799
0.957
0.943
0.834
0.930
0.784
0.795
1.006
0.963
0.793
0.959
0.930
0.787
0.930
0.956
0.959
0.938
0.803
0.816
0.952
0.942
0.798
0.949

Sat Jan 16 06:00:01 PST 2021
2.609
0.982
0.869
0.831
0.818
0.887
1.221
1.834
0.925
0.959
0.967
0.998
0.979
1.013
0.976
1.230
0.833
1.174
1.108
0.987
1.371
0.986
1.182
0.994
1.050
1.476
0.973
0.946
1.081
1.013
1.183
1.063
1.452
1.040
1.130
1.240
1.037
1.511
1.334
0.965
1.032
0.953
1.060
1.074
1.014
0.849
1.015
0.999
0.804
0.956
0.841
0.954
0.979
1.000
0.996
1.183
1.044
0.885
0.828
0.835
0.988
0.978
0.982
0.822
1.069
0.981
0.985
1.005
1.024
0.925
0.821
0.825
0.982
0.948
0.975
0.980
0.826
0.983
1.032
1.085
0.984
0.974
0.977
0.796
0.963
0.876
0.975
0.983
0.979
0.826
1.001
1.009
1.061
1.009
0.888
0.833
0.963
0.983
0.983
0.973

Sat Jan 16 08:00:01 PST 2021
1.693
1.015
0.977
0.849
0.937
0.930
0.980
1.505
2.095
0.958
0.969
0.995
1.100
0.826
0.876
0.928
1.481
1.157
1.424
1.232
1.281
0.968
0.992
1.198
0.930
1.332
0.958
1.250
1.020
0.788
0.957
1.049
1.125
0.795
0.838
1.278
0.931
0.962
1.255
0.792
1.107
0.787
0.942
0.954
0.942
0.943
1.014
0.954
0.826
0.792
0.938
0.815
0.943
0.850
0.940
0.829
0.821
0.991
0.931
0.874
0.788
0.808
0.939
1.007
0.802
0.806
0.971
0.782
0.938
0.939
0.967
0.788
0.936
0.794
0.795
0.932
0.944
0.945
0.817
0.935
1.002
0.947
0.985
0.994
0.947
0.933
0.821
0.833
2.447
0.941
0.792
0.794
0.937
0.793
0.841
0.855
0.982
0.946
0.943
0.813

Sat Jan 16 10:00:01 PST 2021
2.479
1.070
0.943
1.444
1.141
1.297
1.016
1.412
1.101
0.785
0.942
0.935
1.197
0.941
1.033
0.946
1.557
0.799
1.049
1.110
0.972
1.109
0.785
1.127
0.944
1.469
0.813
1.015
0.811
1.161
1.178
0.954
1.399
0.799
1.264
0.955
0.970
0.948
1.032
1.001
0.939
1.125
0.821
0.984
0.968
0.944
0.948
0.974
0.935
0.940
0.941
0.792
0.936
0.939
0.952
0.794
0.798
1.021
0.988
0.932
0.931
0.941
0.793
0.968
0.839
1.040
0.825
0.989
0.793
0.783
0.940
1.073
0.945
0.788
0.932
0.787
0.986
0.830
0.789
0.938
0.927
0.938
0.936
0.896
0.943
0.954
0.939
0.779
0.965
0.946
0.791
0.987
0.955
0.955
0.940
0.954
0.943
1.002
0.942
1.016

Sat Jan 16 12:00:01 PST 2021
1.315
0.811
0.939
1.352
0.818
0.976
0.798
0.797
1.220
1.161
0.938
0.935
0.971
0.937
1.286
1.029
1.036
1.165
0.850
1.422
1.042
0.943
0.962
1.005
0.851
0.799
0.795
1.283
0.967
0.813
1.113
0.953
1.285
0.948
1.320
0.953
0.941
0.930
0.953
1.046
0.979
1.203
1.576
0.941
1.191
0.863
1.004
0.948
0.946
0.805
0.939
0.961
1.050
0.788
0.948
0.938
0.797
0.936
0.788
1.002
1.445
0.957
0.933
0.939
0.938
0.943
0.940
0.934
0.993
0.942
0.791
0.941
0.793
0.790
0.934
0.973
0.940
0.937
0.955
0.967
0.939
0.942
0.925
0.782
0.794
0.918
0.963
0.804
0.939
0.937
0.943
0.952
0.942
0.988
0.946
0.943
0.932
0.949
0.938
0.944

Sat Jan 16 14:00:01 PST 2021
1.461
0.820
0.810
0.792
0.975
0.967
0.809
0.792
1.552
1.762
1.009
0.810
0.991
1.044
1.499
0.957
1.050
1.494
0.966
1.029
1.134
1.427
1.548
1.523
0.940
1.069
1.010
0.961
0.987
1.105
1.343
0.884
1.148
1.218
0.783
0.966
1.094
1.015
1.328
1.124
0.864
0.957
1.064
0.822
0.988
0.784
1.065
0.791
0.945
0.977
0.948
0.942
0.785
0.781
0.789
0.793
1.015
0.960
0.953
0.945
0.946
0.940
0.949
0.937
0.941
0.958
0.982
0.943
0.937
0.974
0.960
0.969
0.945
0.940
0.800
0.791
0.789
0.790
1.001
0.980
0.980
0.968
0.943
0.959
0.815
0.791
0.936
0.783
0.802
0.797
0.975
0.961
0.934
0.939
0.793
0.943
0.935
1.005
1.035
0.904

Sat Jan 16 16:00:01 PST 2021
1.460
0.845
0.830
0.955
1.108
1.058
0.796
0.947
1.055
1.534
1.087
0.851
1.054
1.023
0.994
0.791
1.250
0.985
1.077
0.954
0.788
0.939
1.493
0.992
1.204
1.153
0.970
1.175
1.479
0.970
0.969
1.153
1.008
1.013
0.806
0.954
0.954
0.848
1.474
1.187
0.817
1.030
0.886
1.369
0.942
1.407
0.841
0.900
0.936
0.807
0.956
0.967
0.944
0.941
0.993
0.938
0.945
0.961
0.812
0.795
0.950
0.961
0.944
1.129
0.954
0.946
0.938
0.989
0.998
0.881
0.958
0.932
0.941
0.950
0.975
0.937
0.792
0.987
0.792
0.952
0.795
0.980
0.934
0.941
0.940
0.930
1.190
0.793
0.970
0.956
0.949
1.011
0.949
0.862
0.795
0.935
1.026
0.813
1.031
1.007

Sat Jan 16 18:00:01 PST 2021
1.394
0.951
0.860
0.943
1.208
0.974
0.946
0.957
1.684
1.184
0.940
0.791
1.135
0.953
1.001
1.208
0.810
1.222
0.935
1.289
1.127
1.398
1.666
0.826
1.209
1.222
0.932
1.249
0.951
1.317
0.961
0.934
1.133
0.943
1.095
0.834
1.081
0.939
1.363
0.788
1.163
0.944
1.068
0.948
1.003
0.996
0.795
0.946
0.990
0.964
0.912
0.950
0.796
0.785
0.949
0.942
1.034
0.995
0.954
0.949
0.842
1.043
0.967
0.798
0.936
0.944
0.937
0.936
0.938
0.942
0.972
0.796
0.933
0.795
0.960
0.941
0.946
0.935
0.949
0.965
0.796
0.793
0.938
0.830
0.956
0.936
0.945
0.945
0.961
0.859
0.949
0.927
0.794
0.792
0.944
0.796
0.950
0.797
0.809
0.962

Sat Jan 16 20:00:01 PST 2021
1.495
0.931
0.920
0.993
1.010
0.936
0.956
0.947
1.010
1.350
0.813
0.801
1.004
0.975
1.199
0.957
0.941
0.885
1.099
0.953
0.883
0.793
1.008
1.077
0.937
1.310
0.993
0.979
1.013
0.941
0.872
0.940
1.208
0.944
1.012
0.950
1.204
1.224
1.541
1.199
1.270
1.745
0.981
1.309
0.936
1.064
1.020
0.998
0.991
0.817
0.945
0.985
0.984
0.988
0.985
0.981
1.013
1.011
0.988
0.984
0.986
0.992
0.991
0.990
0.996
1.016
1.019
0.943
0.978
1.016
0.948
1.004
0.969
0.977
0.837
0.826
0.799
1.003
0.790
0.944
0.818
0.947
1.050
0.941
0.974
0.947
0.835
0.865
0.798
0.940
0.977
0.814
0.940
0.982
1.040
0.935
0.949
0.781
1.017
1.107

Sat Jan 16 22:00:01 PST 2021
1.952
0.946
1.034
0.946
0.943
0.946
0.951
1.207
0.805
0.842
0.934
0.964
0.948
0.943
1.204
1.093
0.864
1.015
0.834
1.118
1.374
0.942
1.570
0.959
0.980
0.796
0.918
1.372
1.592
0.939
0.819
0.794
1.180
0.941
0.822
0.945
1.301
0.989
1.080
1.156
0.934
0.957
0.954
1.045
0.985
0.855
0.942
0.818
0.783
0.945
2.445
0.956
0.802
0.799
0.792
0.942
0.815
0.944
0.947
0.971
0.790
0.820
0.789
0.939
0.792
0.789
0.929
0.941
0.952
0.777
0.788
0.940
0.941
0.789
0.955
0.930
0.946
0.955
0.791
0.935
0.939
0.784
0.966
0.975
0.958
0.951
0.935
0.796
0.788
0.936
0.932
0.822
1.183
1.286
1.061
0.943
0.934
0.946
0.873
0.801

Sun Jan 17 00:00:01 PST 2021
1.516
1.061
0.988
0.980
0.791
0.794
0.969
1.579
0.843
1.006
0.976
0.988
1.693
1.047
1.009
1.366
0.792
1.083
1.283
1.101
1.056
1.014
0.959
1.025
0.936
1.463
0.966
0.973
0.794
1.171
0.848
1.003
0.786
1.008
0.792
1.040
0.941
0.954
1.140
0.966
1.298
0.941
1.236
0.939
0.806
0.942
0.984
0.934
0.938
0.937
0.812
0.951
0.981
0.942
0.941
0.849
0.832
0.988
0.800
1.395
0.950
0.795
0.934
0.963
0.935
0.789
0.940
0.788
0.949
0.963
0.941
0.943
0.816
0.964
0.947
0.944
0.976
0.943
0.959
0.781
0.950
0.949
0.861
0.960
1.091
0.951
0.940
0.955
0.943
0.949
0.948
0.987
0.813
0.795
0.933
0.939
0.781
0.796
0.790
0.953

Sun Jan 17 02:00:01 PST 2021
1.633
0.792
0.965
0.867
0.807
1.003
0.943
1.408
1.004
1.036
0.953
0.802
1.131
0.937
0.978
0.944
1.391
1.277
0.946
1.010
0.961
1.225
1.330
0.988
1.164
1.347
0.788
0.930
0.789
0.793
1.164
0.812
0.979
0.958
1.087
0.793
0.874
1.053
1.068
1.065
0.948
0.989
1.041
0.806
0.851
0.905
0.818
1.228
1.054
0.957
0.800
0.955
0.931
0.785
2.298
0.973
0.941
0.942
1.005
0.779
0.952
0.957
0.956
0.939
0.937
0.950
0.967
0.803
1.018
0.938
0.786
0.934
0.938
0.934
0.943
0.953
0.970
0.946
1.122
0.935
1.095
0.958
0.791
0.942
0.946
0.943
0.936
1.053
1.101
0.793
0.783
0.953
0.787
0.788
0.790
0.951
0.941
0.978
0.799
1.000

Sun Jan 17 04:00:01 PST 2021
2.687
0.977
0.959
0.945
0.947
0.860
0.960
0.997
0.836
0.951
0.934
0.935
0.945
0.950
0.991
1.014
1.006
0.941
0.968
0.997
0.986
0.804
1.048
1.018
1.204
1.012
0.939
0.790
0.974
0.931
0.952
0.955
0.795
0.960
0.789
0.826
0.934
0.820
0.926
0.962
0.946
0.946
0.948
0.809
0.941
0.936
0.936
0.932
0.940
0.991
0.796
0.797
0.853
0.943
0.941
0.823
0.942
0.791
0.797
0.949
0.998
0.951
0.937
0.792
0.799
0.953
0.788
0.805
0.988
0.951
0.803
0.949
1.060
0.953
0.950
0.800
0.790
1.003
0.790
0.789
0.976
0.833
0.821
0.938
0.947
0.860
1.013
0.962
0.813
0.955
0.973
0.937
0.946
0.935
0.952
0.955
0.932
0.814
1.012
0.797

Sun Jan 17 06:00:01 PST 2021
1.714
0.940
0.793
1.019
1.209
0.944
0.798
0.985
1.429
0.961
0.780
0.944
0.939
0.888
1.565
0.938
1.165
0.986
0.987
1.426
1.039
1.587
0.939
1.060
1.262
0.841
0.803
0.985
1.043
0.944
1.095
0.931
0.942
0.991
0.935
1.156
1.013
1.139
0.788
1.379
0.936
1.128
0.813
0.983
0.788
1.030
0.990
1.017
0.805
0.938
0.949
0.831
0.999
0.945
0.796
0.945
0.955
0.954
0.966
1.551
0.958
0.961
0.979
0.954
0.791
0.948
0.993
0.946
0.994
0.988
0.785
0.800
0.794
0.941
0.781
0.936
0.940
0.971
0.969
0.954
0.959
0.945
0.939
0.949
0.797
0.937
0.951
0.964
0.779
0.934
0.942
1.139
0.800
0.952
0.933
0.962
0.818
0.936
0.940
0.824

Sun Jan 17 08:00:01 PST 2021
1.627
0.947
0.946
0.943
1.142
0.948
0.970
1.185
1.787
1.192
0.959
0.825
1.157
0.967
1.000
1.286
0.940
1.547
0.791
1.027
1.143
1.307
1.007
0.993
1.152
0.939
0.966
0.934
1.027
0.952
0.977
1.463
1.222
1.352
1.036
1.039
0.787
0.914
0.792
1.391
0.998
0.964
1.064
0.974
1.340
0.946
0.785
0.894
0.816
0.975
0.827
0.806
0.941
0.976
0.938
0.944
0.982
0.903
0.946
1.098
0.937
0.928
0.978
0.936
0.945
0.946
0.792
0.971
0.778
0.937
0.932
0.932
1.021
0.941
0.788
0.795
0.937
0.973
0.817
0.793
0.947
0.957
0.987
0.937
0.797
0.944
0.941
0.942
0.938
0.936
0.807
0.792
0.989
0.977
0.942
0.931
0.960
0.947
0.944
0.980

Sun Jan 17 10:00:01 PST 2021
1.657
0.969
0.954
0.995
0.968
0.959
1.001
1.231
1.313
1.450
1.543
0.956
0.943
1.186
0.811
0.984
0.874
0.985
1.524
0.953
1.397
1.470
0.956
0.915
0.836
1.267
1.390
1.061
0.922
1.035
0.806
1.156
1.072
0.863
0.941
1.000
1.087
0.821
1.032
0.941
1.029
0.805
1.187
0.962
0.945
0.960
0.826
0.987
0.949
1.189
0.947
0.961
0.935
0.969
0.941
0.980
0.804
0.947
1.016
0.962
0.810
0.785
1.189
0.777
0.792
0.945
0.838
0.782
0.948
0.795
0.797
0.938
0.956
0.942
0.947
0.790
0.949
0.821
0.999
0.942
0.841
1.047
0.939
0.785
0.792
0.963
0.816
0.964
0.956
0.799
0.939
0.942
1.065
0.937
0.958
0.974
0.945
0.938
1.012
0.925

Sun Jan 17 12:00:01 PST 2021
2.761
0.957
1.424
1.180
1.524
2.534
0.877
0.800
1.116
0.874
0.909
0.984
0.828
0.937
0.941
0.937
1.084
0.815
1.071
0.935
0.948
0.953
0.989
0.937
0.940
1.040
0.937
1.153
0.941
0.985
0.980
0.911
0.789
1.001
0.813
1.046
1.076
0.808
1.016
1.059
0.983
1.044
0.799
1.022
0.829
0.816
0.808
0.964
0.943
0.941
0.794
0.941
0.987
1.039
0.804
1.005
1.000
0.987
0.991
0.975
1.033
0.871
0.826
0.972
0.936
0.824
0.945
0.946
0.953
0.943
0.937
0.953
0.951
0.959
0.844
1.030
0.824
0.945
0.956
0.950
0.951
0.960
0.796
1.039
1.115
0.960
0.828
0.933
0.798
0.949
0.965
0.940
0.940
0.977
0.984
0.981
0.985
0.833
0.975
0.975

Sun Jan 17 14:00:01 PST 2021
1.811
0.953
0.958
0.932
0.940
0.936
0.952
1.785
1.033
0.961
0.801
1.090
0.791
1.199
0.780
0.946
1.069
0.969
0.984
0.944
1.631
0.946
0.831
1.126
0.794
0.991
0.939
1.138
1.069
0.879
1.309
0.954
0.965
0.806
1.071
0.813
0.964
0.889
0.951
0.898
0.794
1.397
0.978
0.938
1.190
0.940
1.083
1.125
0.942
0.943
0.940
0.783
0.789
0.944
0.985
0.937
0.936
0.811
0.943
1.009
0.823
0.931
0.783
0.796
0.942
0.934
0.941
0.952
0.955
0.977
0.788
0.938
0.955
0.790
0.938
0.940
0.796
0.799
0.943
0.894
0.996
0.941
0.795
0.787
0.933
0.950
0.937
0.793
0.936
0.791
0.986
0.988
0.942
0.937
0.938
0.941
0.949
0.816
0.949
0.947

Sun Jan 17 16:00:01 PST 2021
1.732
1.037
0.950
0.964
0.938
0.944
0.816
0.837
1.053
0.954
1.003
0.813
0.948
1.008
1.114
0.792
1.231
0.938
1.330
0.943
0.934
1.058
0.963
0.978
1.057
1.175
1.034
1.100
1.336
0.941
1.322
0.954
1.174
0.813
1.030
1.177
1.168
0.833
1.051
1.382
0.975
1.006
0.964
0.868
0.786
1.235
0.788
0.961
0.946
0.935
0.944
0.842
0.951
0.794
0.935
0.815
0.981
0.954
0.980
0.788
0.960
0.946
0.982
0.952
0.939
0.957
1.009
0.802
0.830
1.284
1.040
0.785
0.787
0.797
0.944
0.946
0.945
0.791
0.988
0.822
0.939
1.022
0.990
0.800
0.935
0.948
0.947
0.959
0.940
0.944
0.811
0.939
0.941
0.795
0.823
0.932
0.780
0.819
0.944
0.832

Sun Jan 17 18:00:02 PST 2021
1.459
0.957
0.806
1.050
1.055
0.976
1.104
1.009
1.515
1.043
1.148
1.040
0.798
0.939
1.078
0.945
1.313
0.949
1.291
0.941
1.136
0.791
1.261
1.142
1.317
0.931
1.019
0.941
1.051
1.100
0.939
1.061
0.942
1.440
0.976
1.103
0.932
0.951
0.861
0.933
1.040
0.791
1.020
0.955
0.954
0.948
1.063
0.944
1.018
1.010
0.958
0.845
0.775
0.944
0.939
0.963
0.800
0.987
0.985
0.786
0.934
0.939
0.940
0.795
0.842
0.950
0.943
0.941
0.946
0.789
0.951
0.953
0.986
0.950
0.962
0.785
0.943
0.949
0.968
0.953
0.942
0.941
0.944
0.837
1.008
0.954
0.797
0.943
0.989
0.930
0.799
0.954
0.977
0.944
0.781
0.935
0.944
0.950
0.938
0.796

Sun Jan 17 20:00:01 PST 2021
1.628
0.967
0.928
1.019
0.789
0.807
0.824
1.051
1.039
0.952
0.796
1.000
0.782
1.516
0.961
0.799
0.946
1.235
0.942
0.965
1.108
0.788
1.316
2.694
0.951
1.074
0.966
1.075
0.790
1.237
0.961
0.939
0.975
0.940
0.979
0.807
0.989
1.008
1.104
0.940
1.636
0.815
1.105
0.931
0.942
0.960
0.935
0.938
1.080
0.962
0.939
0.952
0.938
0.799
0.818
0.937
0.961
0.949
1.014
1.004
0.973
1.047
0.967
0.940
0.808
0.799
0.785
0.943
0.946
0.965
0.942
0.937
1.014
1.054
0.996
0.938
0.943
0.836
0.993
0.936
1.021
0.821
0.826
1.035
1.192
1.446
0.941
0.958
0.935
0.940
0.796
0.859
0.940
0.788
0.944
0.944
0.948
0.955
0.985
0.949

Sun Jan 17 22:00:01 PST 2021
1.665
0.799
0.941
1.076
0.825
0.931
0.979
1.432
1.991
1.068
0.828
0.937
1.139
0.857
0.997
0.935
1.396
0.967
1.040
1.105
0.971
1.038
1.049
1.550
1.007
0.941
1.022
0.969
0.988
0.790
1.135
0.956
0.943
0.966
1.077
1.078
1.055
1.515
0.965
1.183
0.947
1.136
0.800
1.149
0.939
1.067
0.793
0.942
0.943
0.826
0.937
0.958
0.786
0.973
0.803
0.996
0.982
0.801
1.153
0.943
1.016
0.961
0.934
0.822
1.003
0.987
1.152
0.961
0.944
0.940
0.977
0.831
0.979
0.978
0.955
0.804
0.942
0.793
0.958
0.788
0.997
0.936
0.951
0.981
0.804
0.829
0.797
0.945
0.828
0.792
0.940
0.941
0.824
0.975
0.791
0.816
0.944
0.785
0.938
0.796

Mon Jan 18 00:00:01 PST 2021
1.305
1.002
0.980
0.990
1.229
0.827
0.968
0.981
1.419
1.759
1.022
1.127
1.412
0.901
1.577
1.000
0.991
0.975
1.489
1.421
1.009
1.392
0.977
1.337
1.011
1.271
1.260
1.020
1.497
2.462
1.818
1.300
0.841
0.840
1.126
1.001
0.992
1.017
0.979
0.907
0.820
0.990
1.073
1.019
1.186
0.902
0.982
0.834
0.934
0.951
0.965
0.984
0.820
1.157
0.980
0.982
1.030
1.020
0.977
1.009
1.442
1.095
1.022
0.838
0.985
0.821
0.827
0.990
0.835
0.841
1.010
0.977
0.841
1.074
0.988
1.037
1.044
0.979
0.985
0.990
0.999
0.814
0.999
1.002
0.987
0.989
0.992
0.991
0.989
0.989
1.005
1.038
1.028
0.821
0.994
0.997
0.997
1.006
1.056
0.932

