Sun Jan 10 20:00:01 JST 2021
3.190
1.166
1.367
1.091
1.368
1.511
1.967
1.171
1.707
1.190
1.338
1.910
1.659
1.579
1.339
1.277
1.299
1.287
1.495
1.317
1.129
1.492
1.301
1.461
2.049
1.706
1.099
1.669
1.581
1.397
1.559
1.733
1.095
1.337
1.572
1.335
1.331
1.351
1.095
1.333
1.121
1.342
1.350
1.319
1.327
1.308
1.375
1.304
1.289
1.334
1.325
1.328
1.346
1.342
1.213
1.288
1.101
1.333
1.119
1.388
1.351
1.390
1.352
1.334
1.279
1.316
1.093
1.370
1.347
1.362
1.109
1.328
2.111
1.330
1.347
1.325
1.323
1.347
1.312
1.310
1.410
1.321
1.335
1.344
1.302
1.343
1.313
1.079
1.355
1.452
1.087
1.325
1.104
1.326
1.281
1.145
1.330
1.318
1.328
1.091

Sun Jan 10 22:00:01 JST 2021
3.137
1.328
1.323
1.348
1.308
2.454
1.109
1.138
1.351
2.013
1.354
1.376
1.515
1.692
2.002
1.412
1.298
1.295
1.439
1.326
1.337
1.445
1.762
1.630
1.604
1.770
1.334
1.325
1.589
1.171
1.106
1.643
1.421
1.079
1.124
1.300
1.343
1.387
1.284
1.343
1.301
1.104
1.115
1.289
1.076
1.317
1.310
1.420
1.322
1.362
1.143
1.337
1.092
1.582
1.294
1.306
1.097
1.398
1.291
1.448
1.310
1.374
1.315
1.324
1.337
1.295
1.315
1.319
1.131
1.362
1.511
1.302
1.332
1.065
1.324
1.341
1.320
1.293
1.313
1.339
1.394
1.369
1.307
1.301
1.326
1.111
1.286
1.088
1.386
1.074
1.141
1.324
1.315
1.343
1.353
1.310
1.087
1.319
1.280
1.102

Mon Jan 11 00:00:01 JST 2021
3.435
1.386
1.375
1.169
1.351
2.124
1.312
1.404
1.381
1.707
1.124
1.172
1.347
1.289
2.033
1.329
1.352
1.481
1.392
1.340
1.361
1.749
1.105
1.302
1.407
1.648
1.326
1.395
1.328
1.334
1.601
1.346
1.310
1.408
1.380
1.584
1.367
1.393
1.096
1.275
1.361
1.369
1.064
1.318
1.332
1.312
1.356
1.381
1.104
1.090
1.326
1.090
1.322
1.337
1.128
1.328
1.357
1.111
1.464
1.338
1.112
1.335
1.320
1.304
1.332
1.327
1.361
1.336
1.344
1.293
1.328
1.309
1.335
1.304
1.325
1.328
1.324
1.335
1.325
1.320
1.323
1.347
1.297
1.291
1.308
1.366
1.537
1.681
1.335
1.353
1.330
1.316
1.333
1.158
1.314
1.324
1.327
1.104
1.317
1.330

Mon Jan 11 02:00:01 JST 2021
3.103
1.342
1.082
1.335
1.316
1.676
1.340
1.138
1.414
1.362
1.363
1.080
1.522
1.364
1.232
1.353
1.474
1.434
1.799
1.451
1.526
1.877
1.643
1.577
1.377
1.442
2.014
1.813
1.189
1.332
1.395
1.735
1.512
1.131
1.104
1.321
1.398
1.308
1.314
1.347
1.097
1.567
1.078
1.086
1.328
1.331
1.314
1.386
1.352
1.345
1.322
1.340
1.348
1.352
1.357
1.322
1.312
1.317
1.106
1.319
1.319
1.083
1.313
1.358
1.329
1.341
1.114
1.080
1.389
1.302
1.347
1.080
1.355
1.304
1.365
1.348
1.288
1.343
1.365
1.102
1.299
1.097
1.324
1.321
1.344
1.099
1.322
1.119
1.378
1.161
1.293
1.131
1.347
1.404
1.124
1.370
1.359
1.302
1.105
1.315

Mon Jan 11 04:00:02 JST 2021
2.945
1.295
1.332
1.301
1.956
1.375
1.773
1.536
1.385
1.210
1.278
1.339
1.631
1.420
1.324
1.374
1.293
1.323
2.186
1.478
1.091
1.527
1.459
1.366
1.345
2.025
1.418
1.310
1.348
1.892
1.650
1.442
1.330
1.401
1.404
1.358
1.353
1.377
2.834
1.337
1.308
1.327
1.307
1.299
1.091
1.336
1.316
1.296
1.340
1.350
1.367
1.077
1.321
1.313
1.330
1.326
1.307
1.323
1.082
1.307
1.361
1.335
1.299
1.325
1.334
1.316
1.108
1.366
1.318
1.321
1.473
1.293
1.305
1.327
1.067
1.349
1.335
1.308
1.317
1.108
1.310
1.372
1.468
1.337
1.074
1.306
1.424
1.397
1.308
1.314
1.292
1.307
2.889
1.075
1.288
1.109
1.292
1.118
1.309
1.321

Mon Jan 11 06:00:01 JST 2021
3.479
1.142
1.107
1.361
1.349
1.506
2.600
1.121
1.182
1.117
1.462
1.307
1.317
1.416
1.344
1.772
1.422
1.396
1.573
1.582
1.316
1.095
1.796
1.454
1.076
1.989
1.568
1.320
1.196
1.541
1.384
1.422
1.987
1.504
1.338
1.897
1.339
1.077
1.317
1.304
1.333
1.289
1.298
1.331
1.063
1.298
1.091
1.338
1.093
1.091
1.349
1.318
1.389
1.328
1.126
1.325
1.427
1.287
1.365
1.088
1.086
1.318
1.307
1.396
1.061
1.368
1.323
1.338
1.321
1.180
1.387
1.339
1.314
1.285
1.307
1.352
1.084
1.298
1.342
1.388
1.350
1.106
1.313
1.094
1.311
1.316
1.098
1.388
1.336
1.070
1.303
1.309
1.293
1.310
1.084
1.430
1.347
1.334
1.324
1.337

Mon Jan 11 08:00:01 JST 2021
3.316
1.645
1.343
1.332
1.547
2.245
1.370
1.389
1.324
1.220
1.194
1.336
1.348
1.097
1.120
1.344
1.323
1.437
1.284
1.318
1.567
1.468
1.335
1.528
1.598
1.294
1.518
1.730
1.433
1.354
6.321
1.471
1.450
1.489
1.172
1.291
1.406
1.346
1.325
1.330
1.397
1.302
1.101
1.304
1.322
1.068
1.393
1.513
1.352
1.364
1.106
1.419
1.341
1.077
1.095
1.355
1.366
1.323
1.316
1.093
1.354
1.330
1.364
1.342
1.345
1.326
1.319
1.280
1.317
1.103
1.365
1.373
1.311
1.110
1.149
1.339
1.119
1.120
1.106
6.108
1.317
1.306
1.374
1.131
1.362
1.292
1.327
1.325
1.111
1.300
1.376
1.328
1.351
1.315
1.097
1.297
1.325
1.376
1.081
1.084

Mon Jan 11 10:00:01 JST 2021
3.099
1.305
1.169
1.085
1.652
2.048
1.401
1.682
1.417
1.083
1.181
2.058
1.847
1.097
1.312
1.516
1.330
1.380
1.788
1.800
1.220
1.552
1.315
1.748
1.712
1.316
1.279
1.856
1.415
1.322
1.360
1.171
1.348
1.320
1.135
1.115
1.085
1.083
1.340
1.341
1.231
1.446
1.308
1.304
1.289
1.324
1.111
1.146
1.295
1.120
1.328
1.298
1.318
1.076
1.279
1.311
1.376
1.429
1.290
1.286
1.301
1.114
1.281
1.314
1.062
1.303
1.321
1.281
1.343
1.062
1.341
1.068
1.322
1.091
1.304
1.290
1.076
1.080
1.330
1.320
1.315
1.321
1.332
1.086
1.058
1.106
1.285
1.089
1.220
1.295
1.144
1.097
1.303
1.320
1.345
1.098
1.427
1.348
1.311
1.303

Mon Jan 11 12:00:01 JST 2021
3.084
1.458
1.112
1.432
1.317
2.385
1.411
1.525
1.472
1.365
1.528
1.834
1.312
1.343
1.912
1.370
1.575
1.351
1.234
1.502
1.426
1.108
1.606
1.467
1.302
1.554
1.460
1.395
1.334
1.856
1.341
1.318
1.327
1.325
1.356
1.076
1.292
1.101
1.078
1.339
1.341
1.373
1.321
1.078
1.338
1.330
1.290
1.100
1.288
1.323
1.106
1.322
1.309
1.332
1.087
1.082
1.327
1.325
1.336
1.076
1.288
1.321
1.311
1.324
1.302
1.148
1.065
1.317
1.286
1.318
1.309
1.337
1.286
1.202
1.321
1.334
1.315
1.334
1.322
1.357
1.283
1.085
1.334
1.094
1.309
1.132
1.335
1.336
1.307
1.366
1.136
1.089
1.440
1.369
1.100
1.333
1.356
1.350
1.303
1.317

Mon Jan 11 14:00:01 JST 2021
1.907
1.091
1.294
1.339
1.074
1.097
2.508
1.321
1.383
1.127
1.358
1.704
1.364
1.352
1.846
1.531
1.100
1.131
2.219
1.905
1.808
1.483
1.322
1.091
1.352
1.228
1.940
1.718
1.647
1.108
1.422
1.151
1.489
1.368
1.386
1.317
1.065
1.343
1.318
1.383
1.292
1.324
1.331
1.291
1.088
1.089
1.411
1.103
1.427
1.753
1.093
1.295
1.325
1.340
1.237
1.099
1.086
1.310
1.546
1.293
1.347
1.314
1.359
1.099
1.339
1.344
1.340
1.303
1.345
1.309
1.296
1.443
1.299
1.303
1.093
1.346
1.320
1.322
1.304
1.338
1.339
1.319
1.066
1.338
1.514
1.370
1.351
1.363
1.174
1.079
1.322
1.308
1.097
1.328
1.349
1.309
1.356
1.341
1.357
1.102

Mon Jan 11 16:00:01 JST 2021
1.841
1.370
1.095
1.359
1.374
1.139
2.667
1.203
1.366
1.135
1.676
1.394
1.616
1.727
1.414
1.208
2.276
1.502
1.128
1.602
1.327
1.350
1.327
1.361
1.096
1.783
1.172
1.136
1.308
1.783
1.472
1.373
1.446
1.364
1.311
1.217
1.450
1.364
1.322
1.123
1.077
1.311
1.186
1.528
1.098
1.339
1.367
1.333
1.223
1.349
1.313
1.334
1.065
1.322
1.318
1.100
1.328
1.350
1.100
1.364
1.178
1.326
1.343
1.353
1.329
1.562
1.323
1.105
1.309
1.402
1.413
1.107
1.427
1.345
1.107
1.349
1.113
1.325
1.360
1.344
1.396
1.571
1.330
1.295
1.318
1.459
1.318
1.166
1.324
1.335
1.336
1.295
1.325
1.420
1.099
1.293
1.342
1.094
1.091
1.351

Mon Jan 11 18:00:01 JST 2021
3.092
1.324
1.286
1.499
1.323
2.562
1.567
1.470
1.675
1.100
1.313
1.296
1.542
1.627
1.105
1.553
1.459
1.347
1.363
1.936
1.632
1.393
1.314
1.697
2.702
1.808
2.078
1.866
1.331
1.347
1.654
1.788
1.299
1.113
1.324
3.323
1.655
1.459
1.775
1.346
1.315
1.126
1.471
1.377
1.147
1.353
1.108
1.344
1.352
1.566
1.360
1.316
1.319
1.326
1.343
1.358
1.394
1.562
1.379
1.147
1.367
1.316
1.319
1.108
1.488
1.347
1.300
1.439
1.080
1.368
1.319
1.318
1.332
1.519
1.370
1.331
1.349
1.339
1.351
1.392
1.129
1.113
1.344
1.089
1.098
1.336
1.345
1.398
1.151
1.561
1.122
1.344
1.344
1.340
1.327
1.351
1.428
1.114
1.341
1.337

Mon Jan 11 20:00:01 JST 2021
2.309
1.400
1.462
1.352
1.336
1.377
2.185
1.375
1.361
1.377
1.482
1.727
1.361
1.406
1.645
1.442
1.173
1.733
1.927
1.151
1.454
1.414
1.865
1.932
1.792
1.471
1.234
1.364
1.419
1.802
1.119
1.617
1.544
1.340
1.910
1.348
1.339
1.421
1.350
1.349
1.370
1.356
1.366
1.472
1.336
1.312
1.345
1.350
1.570
1.362
1.316
1.336
1.104
1.319
1.343
1.404
1.562
1.361
1.458
1.328
2.994
1.384
1.326
1.358
1.369
1.399
1.390
1.364
1.350
1.426
1.110
1.349
1.339
1.466
1.132
1.325
1.411
1.354
1.333
1.316
1.331
1.335
1.614
1.491
1.437
1.364
1.348
1.323
1.169
1.393
1.364
1.418
1.136
1.340
1.317
1.343
1.160
1.348
1.078
1.330

Mon Jan 11 22:00:01 JST 2021
2.925
1.315
1.068
1.332
1.325
1.730
2.524
1.359
1.464
1.347
1.341
1.362
1.462
1.364
1.736
1.903
1.841
1.792
1.337
1.310
2.003
1.448
1.065
2.084
1.436
1.334
1.317
1.858
1.909
1.428
1.339
1.622
1.329
1.290
1.322
1.107
1.341
1.382
1.283
1.323
1.327
1.310
1.376
1.091
1.296
1.319
1.063
1.343
1.360
1.263
1.468
1.113
1.423
1.300
1.502
1.359
1.318
1.342
1.308
1.302
1.353
1.078
1.320
1.346
1.380
1.095
1.675
1.090
1.427
1.078
1.366
1.401
1.605
1.095
1.314
1.326
1.457
1.344
1.093
1.343
1.376
1.318
1.319
1.117
1.342
2.004
1.339
1.319
1.423
1.307
1.215
1.344
1.108
1.125
1.333
1.334
1.340
1.152
1.338
1.319

Tue Jan 12 00:00:01 JST 2021
3.176
1.322
1.532
1.446
1.351
1.330
2.325
1.390
1.432
1.515
1.087
1.569
1.522
1.077
1.252
1.292
1.351
1.553
1.790
1.276
1.371
1.500
1.645
1.357
1.898
1.774
1.432
1.579
1.787
1.449
1.356
1.319
1.891
1.416
1.551
1.335
1.360
1.311
1.354
1.329
1.348
1.386
1.339
1.321
1.314
1.318
1.090
1.325
1.349
1.298
1.353
1.328
1.519
1.441
1.317
1.299
1.386
1.340
1.293
1.126
1.102
1.158
1.374
1.104
1.099
1.337
1.332
1.097
1.360
1.372
1.123
1.321
1.104
1.400
1.366
1.300
1.120
1.332
1.320
1.151
1.105
1.362
1.354
1.316
1.352
1.356
1.317
1.294
1.333
1.356
1.360
1.105
1.392
1.104
1.290
1.129
1.348
1.335
1.325
1.334

Tue Jan 12 02:00:01 JST 2021
3.028
1.365
1.349
1.097
1.257
2.203
1.970
1.341
1.492
1.426
1.109
1.485
2.119
1.786
1.403
1.359
1.604
1.278
1.133
1.958
1.441
1.517
1.370
1.111
1.794
1.341
1.394
1.476
1.478
1.343
1.360
1.415
1.322
1.528
1.281
1.130
1.099
1.350
1.103
1.355
1.338
1.109
1.357
1.383
1.326
1.305
1.313
1.369
1.309
1.312
1.363
1.105
1.390
1.345
1.348
1.142
1.353
1.361
1.354
1.111
1.335
1.309
1.351
1.313
1.211
1.325
1.309
1.329
1.339
1.326
1.086
1.321
1.350
1.345
1.113
1.345
1.346
1.342
1.372
1.619
1.141
1.355
1.318
1.324
1.297
1.323
1.076
1.777
1.296
1.359
1.129
1.373
1.434
1.094
1.348
1.322
1.344
1.325
1.344
1.110

Tue Jan 12 04:00:01 JST 2021
2.990
1.372
1.688
1.321
1.326
1.956
1.458
1.431
1.427
2.070
1.426
1.343
1.106
1.417
1.158
1.808
1.565
1.353
1.570
1.445
1.338
1.387
1.913
1.915
1.444
1.311
1.910
1.158
1.324
1.459
1.413
1.555
1.332
1.900
1.326
1.382
1.114
1.320
1.326
1.326
1.310
1.307
1.313
1.324
1.337
1.338
1.294
1.458
1.325
1.360
1.329
1.387
1.316
1.341
1.315
1.346
1.358
1.358
1.374
1.329
1.353
1.111
1.347
1.099
1.325
1.322
1.085
1.310
1.324
1.338
1.463
1.369
1.333
1.313
1.412
1.343
1.366
1.068
1.341
1.313
1.331
1.364
1.382
1.420
1.455
1.316
1.347
1.372
1.344
1.339
1.093
1.365
1.381
1.321
1.330
1.333
1.346
1.342
1.462
1.188

Tue Jan 12 06:00:01 JST 2021
2.873
1.309
1.576
1.503
1.314
1.495
1.314
1.146
1.782
1.169
1.355
1.299
1.364
1.095
1.459
1.169
1.368
1.677
1.395
1.471
1.567
1.310
1.323
1.544
1.509
1.722
1.389
2.233
1.256
1.471
1.117
1.210
1.489
1.324
1.301
1.310
1.103
1.065
1.093
1.310
1.309
1.135
1.351
1.318
1.296
1.295
1.354
1.064
1.366
1.114
1.342
1.335
1.288
1.316
1.324
1.106
1.093
1.319
1.350
1.343
1.328
1.299
1.306
1.328
1.308
1.121
1.073
1.295
1.308
1.291
1.287
1.313
1.330
1.073
1.346
1.348
1.117
1.320
1.308
1.289
1.105
1.340
1.298
1.308
1.058
1.078
1.320
1.057
1.329
1.347
1.319
1.074
1.302
1.310
1.096
1.383
1.315
1.105
1.323
1.332

Tue Jan 12 08:00:01 JST 2021
3.147
1.081
1.550
1.341
1.224
1.487
1.387
1.342
1.120
1.611
1.537
1.359
1.364
1.668
1.995
1.526
1.330
1.151
1.465
1.329
1.534
1.765
1.531
1.335
1.190
1.250
1.344
2.053
1.319
1.067
1.939
1.168
1.110
1.728
1.405
1.349
1.335
1.390
1.203
1.091
1.098
1.084
1.336
1.300
1.084
1.323
1.110
1.293
1.918
1.346
1.331
1.122
1.089
1.289
1.097
1.324
1.316
1.307
1.370
1.096
1.328
1.131
1.373
1.112
1.385
1.095
1.336
1.303
1.364
1.340
1.293
1.322
1.334
1.413
1.171
1.342
1.369
1.118
1.095
1.552
1.320
1.326
1.773
1.383
1.358
1.095
1.304
1.345
1.229
1.338
1.336
1.319
1.087
1.318
1.323
1.429
1.401
1.310
1.334
1.316

Tue Jan 12 10:00:02 JST 2021
1.958
1.305
1.469
1.099
1.402
1.727
1.299
1.368
1.330
1.549
1.414
1.413
1.561
1.711
1.482
1.321
1.599
1.780
1.756
1.475
1.341
1.413
1.820
1.116
1.320
1.575
1.727
1.374
1.315
1.372
1.691
1.426
1.368
1.061
1.465
1.318
1.077
1.332
1.371
1.345
1.329
1.332
1.351
1.349
1.312
1.308
1.127
1.306
1.349
1.335
1.327
1.306
1.328
1.320
1.419
1.342
1.353
1.347
1.390
1.307
1.373
1.339
1.134
1.401
1.325
1.330
1.315
1.339
1.086
1.326
1.382
1.305
1.281
1.307
1.315
1.362
1.313
1.292
1.073
1.301
1.324
1.366
1.319
1.321
1.357
1.326
1.343
1.204
1.130
1.317
1.301
1.287
1.347
1.295
1.303
1.320
1.323
1.306
1.309
1.304

Tue Jan 12 12:00:01 JST 2021
2.946
1.124
1.244
1.115
1.467
1.252
1.830
1.341
1.361
1.558
1.371
1.429
1.394
1.337
1.779
1.229
1.349
1.413
1.483
1.282
1.061
1.915
1.347
1.327
1.316
1.891
1.293
1.323
1.635
1.557
1.123
1.447
1.401
1.335
1.067
1.369
1.319
1.328
1.469
1.309
1.348
1.447
1.622
1.102
1.110
1.391
1.317
1.346
1.092
1.355
1.336
1.423
1.085
1.302
1.070
1.298
1.067
1.381
1.116
1.322
1.340
1.355
1.341
1.279
1.431
1.331
1.103
1.299
1.096
1.369
1.337
1.293
1.330
1.321
1.329
1.302
1.321
1.354
1.324
1.326
1.313
1.298
1.320
1.430
1.293
1.339
1.144
1.320
1.447
1.097
1.318
1.354
1.088
1.330
1.096
1.352
1.345
1.331
1.095
1.325

Tue Jan 12 14:00:01 JST 2021
3.098
1.429
1.365
1.363
2.200
1.068
1.369
1.327
1.337
1.345
1.204
1.320
1.945
1.603
1.377
2.032
1.415
1.541
1.198
1.177
1.640
1.570
1.540
1.316
1.365
1.703
1.423
1.089
1.434
1.341
1.102
1.408
1.337
1.098
1.479
1.301
1.158
1.116
1.093
1.332
1.350
1.289
1.355
1.294
1.344
1.091
1.459
1.350
1.345
1.349
1.356
1.362
1.343
1.090
1.325
1.090
1.097
1.306
1.347
1.324
1.116
1.339
1.307
1.170
1.098
1.502
1.328
1.352
1.313
1.435
1.315
1.355
1.349
1.331
1.385
1.148
1.315
1.337
1.367
1.349
1.335
1.358
1.325
1.331
1.078
1.355
1.408
1.301
1.306
1.351
1.333
1.349
1.076
1.316
1.358
1.339
1.349
1.118
1.320
1.320

Tue Jan 12 16:00:01 JST 2021
1.974
1.131
1.111
1.111
1.357
1.134
1.452
1.679
1.377
1.385
1.529
1.340
1.404
1.986
1.336
1.624
1.707
1.322
1.212
1.417
1.409
1.497
1.664
1.431
1.409
1.343
1.517
1.856
1.519
1.337
1.485
1.519
1.433
1.455
1.598
1.124
1.691
1.302
1.378
1.327
1.369
1.165
1.356
1.121
1.339
1.344
1.335
1.369
1.349
1.313
1.295
1.343
1.519
1.317
1.328
1.331
1.336
1.860
1.337
1.415
1.099
1.088
1.391
1.346
1.349
1.292
1.362
1.319
1.110
1.345
1.359
1.339
1.317
1.335
1.716
1.345
1.350
1.092
1.355
1.128
1.354
1.322
1.365
1.334
1.197
1.338
1.335
1.351
1.125
1.340
1.349
1.318
1.105
1.085
1.343
1.299
1.122
1.312
1.330
1.390

Tue Jan 12 18:00:01 JST 2021
1.846
1.134
1.109
1.417
1.355
1.694
2.597
1.400
1.633
1.519
1.841
1.673
1.302
1.243
1.452
1.329
1.740
1.518
1.354
1.327
1.758
1.997
1.514
1.107
1.683
1.643
1.456
2.415
1.318
1.156
1.389
1.383
1.640
1.337
1.414
1.462
1.290
1.064
1.354
1.357
1.076
1.364
1.073
1.323
1.350
1.318
1.116
1.392
1.130
1.427
1.342
1.348
1.412
1.334
1.329
1.337
1.359
1.108
1.098
1.359
1.079
1.090
1.587
1.161
1.350
1.422
1.104
1.387
1.342
1.164
1.341
1.333
1.349
1.294
1.316
1.354
1.308
1.326
3.562
1.138
1.351
1.316
1.110
1.311
1.366
1.395
1.303
1.278
1.362
1.303
1.295
1.448
1.199
1.081
1.336
1.315
1.349
1.302
1.311
1.296

Tue Jan 12 20:00:01 JST 2021
3.007
1.360
1.366
1.380
1.352
1.442
1.373
2.300
1.331
1.379
1.072
1.962
1.604
1.329
1.773
1.339
1.350
2.039
1.762
1.067
1.390
1.301
1.432
1.531
1.323
1.694
1.579
1.822
1.363
1.307
1.372
1.487
1.459
1.629
1.115
1.846
1.477
1.331
1.638
1.339
1.588
1.337
1.134
1.367
1.373
1.466
1.337
1.334
1.314
1.327
1.139
1.320
1.306
1.210
1.150
1.090
1.314
1.320
1.358
1.321
1.321
1.346
1.342
1.329
1.324
1.349
1.335
1.340
1.462
1.358
1.311
1.418
1.323
1.306
1.075
1.410
1.115
1.331
1.097
2.187
1.347
1.318
1.327
1.086
1.298
1.323
1.324
1.280
1.377
1.205
1.378
1.321
1.347
1.102
1.310
1.332
1.082
1.340
1.284
1.361

Tue Jan 12 22:00:01 JST 2021
5.285
1.110
1.532
1.358
1.444
1.728
1.534
1.348
1.379
1.496
1.473
1.608
1.350
1.936
1.913
1.205
1.377
1.551
1.671
1.377
1.759
1.485
1.316
1.891
1.349
1.319
1.383
1.420
1.314
1.420
2.048
1.679
1.771
1.477
1.400
1.137
1.342
1.310
1.354
1.340
1.404
1.123
1.350
1.090
1.356
1.346
1.088
1.103
1.324
1.344
1.348
1.343
1.335
1.103
1.659
1.398
1.365
1.382
1.341
1.367
1.461
1.336
1.374
1.365
1.326
1.302
1.339
1.403
1.349
1.381
1.536
1.295
1.103
1.361
1.429
1.396
1.329
1.337
1.330
1.307
1.111
1.328
1.349
1.386
1.333
1.313
1.406
1.343
1.335
1.336
1.318
1.093
1.324
1.334
1.291
1.297
1.407
1.103
1.086
1.353

Wed Jan 13 00:00:01 JST 2021
2.942
1.388
1.192
1.370
1.358
1.897
1.133
1.328
1.617
1.601
1.348
1.629
1.884
1.498
1.370
2.321
1.338
1.121
1.523
1.101
1.553
1.687
1.480
1.111
1.592
1.345
1.693
1.675
1.341
1.651
1.348
1.355
1.377
1.530
1.376
1.461
1.327
1.316
1.340
1.332
1.409
1.507
1.340
1.334
1.342
1.341
1.121
1.393
1.356
1.373
1.444
1.363
1.356
1.394
1.112
1.372
1.780
1.410
1.349
1.351
1.423
1.113
1.366
1.322
1.333
1.331
1.330
1.521
1.359
1.385
1.345
1.474
1.119
1.359
1.374
1.092
1.355
1.411
1.334
1.359
1.354
1.080
1.209
1.352
1.369
1.359
1.351
1.404
1.347
1.315
1.115
1.332
1.336
1.328
1.352
1.095
1.110
1.345
1.373
1.307

Wed Jan 13 02:00:01 JST 2021
2.899
1.573
1.116
1.099
1.689
1.420
1.361
1.417
1.506
1.370
1.530
1.804
1.828
1.499
2.021
1.315
1.385
1.497
1.829
1.383
1.062
1.537
1.737
1.166
1.345
1.453
1.067
1.673
1.922
1.832
1.809
1.430
1.337
1.342
1.099
1.311
1.162
1.121
1.365
1.415
1.296
1.331
1.354
1.190
1.331
1.338
1.321
1.457
1.423
1.315
1.358
1.309
1.401
1.312
1.341
1.348
1.351
1.343
1.086
1.318
1.325
1.306
1.304
1.333
1.323
1.373
1.294
1.314
1.329
1.360
1.118
1.458
1.340
1.339
1.320
1.112
1.348
1.326
1.319
1.474
1.390
1.313
1.097
1.324
1.113
1.363
1.532
1.089
1.309
1.319
1.325
1.333
1.330
1.364
1.455
1.348
1.304
1.343
1.348
1.420

Wed Jan 13 04:00:01 JST 2021
2.951
1.384
1.329
1.352
1.459
1.758
1.377
1.079
1.378
1.343
1.356
1.325
1.097
1.403
1.459
1.381
1.512
1.313
1.486
1.589
1.286
1.342
1.611
1.392
1.337
1.098
2.268
1.641
1.385
1.404
1.802
1.490
1.364
1.437
1.820
1.184
1.388
1.324
1.365
1.366
1.340
1.097
1.342
1.297
1.376
1.336
1.327
1.126
1.294
1.345
1.363
1.358
1.119
1.329
1.324
1.108
1.323
1.159
1.326
1.331
1.333
1.337
1.351
1.362
1.301
1.304
1.303
1.111
1.114
1.094
1.122
1.147
1.344
1.365
1.484
1.326
1.341
1.128
1.318
1.337
1.340
1.346
1.405
1.315
1.343
1.070
1.290
1.435
1.082
1.419
1.355
1.322
1.322
1.121
1.418
1.391
1.314
1.451
1.295
1.314

Wed Jan 13 06:00:01 JST 2021
2.865
1.346
1.362
1.338
1.479
1.738
1.394
1.722
1.388
1.388
1.701
1.589
1.422
1.416
1.726
1.328
1.310
1.327
1.562
1.217
1.505
1.443
1.613
1.374
1.340
1.406
1.927
1.439
1.297
1.350
1.818
1.651
1.307
1.313
1.336
1.073
1.319
1.314
1.069
1.333
1.328
1.064
1.396
1.327
1.090
1.334
1.333
1.341
1.394
1.314
1.352
1.318
1.321
1.303
1.156
1.332
1.344
1.594
1.335
1.318
1.308
1.375
1.103
1.417
1.316
1.312
1.316
1.341
1.297
1.312
1.340
1.338
1.303
1.317
1.557
1.285
1.314
1.084
1.317
1.338
1.482
1.299
1.091
1.433
1.104
1.337
1.326
1.337
1.300
1.094
1.360
1.342
1.311
1.313
1.155
1.305
1.333
1.315
1.335
1.289

Wed Jan 13 08:00:01 JST 2021
2.819
1.091
1.363
1.339
1.307
1.690
1.798
1.636
1.384
1.454
2.004
1.120
1.353
1.551
1.067
1.599
1.087
1.738
1.370
1.324
1.757
1.778
1.319
1.701
1.477
1.306
1.675
1.403
1.927
1.473
2.698
1.395
1.329
1.565
1.597
1.303
1.539
1.302
1.422
1.470
1.334
1.314
1.434
1.862
1.346
1.348
1.336
1.369
1.084
1.327
1.352
1.317
1.341
1.347
1.320
1.479
1.304
1.355
1.336
1.329
1.113
1.299
1.315
1.330
1.410
1.401
1.298
1.315
1.318
1.326
1.292
1.076
1.317
1.349
1.316
1.364
1.328
1.402
1.355
1.300
1.331
1.321
1.093
1.103
1.359
1.289
1.343
1.333
1.145
1.311
1.326
1.339
1.291
1.355
1.109
1.325
1.300
1.306
1.085
1.366

Wed Jan 13 10:00:01 JST 2021
1.867
1.103
1.337
1.328
1.365
1.481
1.382
1.379
1.150
1.955
1.317
1.404
1.266
1.669
1.317
1.303
1.947
1.880
1.815
1.393
1.284
1.333
1.781
1.148
1.327
1.226
1.570
1.308
1.477
1.809
1.852
1.402
1.342
1.430
1.354
1.326
1.294
1.508
1.347
1.353
1.348
1.406
1.183
1.340
1.445
1.095
1.316
1.300
1.330
1.090
1.307
1.380
1.377
1.288
1.340
1.333
1.372
1.114
1.331
1.348
1.095
1.137
1.314
1.365
1.307
1.326
1.320
1.285
1.291
1.321
1.329
1.322
1.083
1.308
1.352
1.351
1.360
1.338
1.349
1.290
1.195
1.350
1.056
1.147
1.315
1.354
1.325
1.090
1.344
1.143
1.328
1.343
1.309
1.314
1.332
1.313
1.328
1.322
1.092
1.365

Wed Jan 13 12:00:01 JST 2021
2.820
1.360
1.770
1.415
1.345
2.181
1.390
1.343
1.115
1.326
1.606
1.551
1.235
1.337
2.130
1.394
1.327
1.553
1.410
1.419
1.315
1.354
1.295
1.327
1.581
1.338
1.144
1.372
1.334
1.327
1.322
1.699
1.946
1.357
1.295
1.350
1.322
1.308
1.308
1.096
1.308
1.301
1.064
1.074
1.085
1.303
1.296
1.390
1.387
1.289
1.323
1.087
1.265
1.292
1.316
1.370
1.305
1.100
1.312
1.076
1.497
1.344
1.085
1.338
1.509
1.303
1.312
1.310
1.308
1.325
1.322
1.353
1.327
1.316
1.312
1.310
1.343
1.300
1.351
1.325
1.078
1.307
1.303
1.313
1.494
1.327
1.348
1.309
1.111
1.345
1.310
1.145
1.319
1.356
1.283
1.303
1.299
1.329
1.354
1.313

Wed Jan 13 14:00:01 JST 2021
2.852
1.401
1.087
1.394
1.391
1.399
1.536
1.347
1.332
1.333
1.719
1.069
1.449
1.089
1.727
1.331
1.323
1.268
1.321
1.795
1.637
1.410
1.372
2.111
1.711
1.430
1.692
1.561
2.098
1.370
1.542
1.365
1.285
1.803
1.838
1.688
1.388
1.291
1.342
1.379
1.089
1.317
1.101
1.323
1.329
1.326
1.334
1.349
1.339
1.337
1.289
1.339
1.115
1.305
1.095
1.318
1.295
1.306
1.320
1.367
1.089
1.316
1.321
1.099
1.337
1.381
1.299
1.317
1.357
1.289
1.336
1.349
1.361
1.323
1.326
1.311
1.350
1.076
1.330
1.106
1.344
1.296
1.320
1.102
1.315
1.094
1.344
1.466
1.123
1.121
1.293
1.090
1.342
1.344
1.401
1.152
1.294
1.349
1.294
1.339

Wed Jan 13 16:00:01 JST 2021
1.889
1.106
1.161
1.542
1.388
1.502
2.014
1.578
1.322
1.753
1.900
1.332
1.332
1.306
1.337
1.485
1.374
1.422
1.450
1.108
1.336
1.834
1.324
1.372
1.677
1.380
1.661
1.477
1.092
1.526
1.313
1.081
1.376
1.323
1.623
1.458
1.360
1.198
1.352
1.343
1.305
1.370
1.457
1.314
1.397
1.455
1.328
1.380
1.314
1.344
1.350
1.332
1.351
1.089
1.300
1.311
1.153
1.369
1.374
1.387
1.354
1.307
1.355
1.345
1.145
1.350
1.105
1.361
1.361
1.324
1.400
1.468
1.312
1.345
1.104
1.178
1.114
1.308
1.164
1.340
1.357
1.440
1.298
1.330
1.104
1.321
1.318
1.359
1.139
1.151
1.183
1.423
1.344
1.327
1.335
1.309
1.093
1.401
1.321
1.403

Wed Jan 13 18:00:01 JST 2021
3.895
1.321
1.335
1.930
1.378
1.952
2.102
1.350
1.343
1.121
1.884
1.349
1.544
1.337
1.295
1.455
1.336
1.374
2.057
1.430
1.344
1.434
1.663
1.570
1.344
1.542
1.756
1.337
1.077
1.199
1.225
1.104
1.839
1.365
1.286
1.345
1.090
1.355
1.305
1.343
1.287
1.303
1.344
1.486
1.360
1.324
1.383
1.641
1.075
1.345
1.356
1.085
1.319
1.308
1.321
1.700
1.342
1.152
1.324
1.412
1.313
1.358
1.348
1.134
1.323
1.302
1.329
1.389
1.193
1.317
1.386
1.095
1.328
1.358
1.341
1.346
1.336
1.372
1.094
1.365
1.320
1.091
1.349
1.388
1.100
1.312
1.972
1.119
1.322
1.379
1.342
1.316
1.377
1.102
1.362
1.348
1.341
1.420
1.337
1.146

Wed Jan 13 20:00:01 JST 2021
1.618
1.412
1.084
1.329
1.329
1.374
1.727
1.710
2.016
1.729
1.517
1.902
1.316
1.449
1.346
1.525
1.088
1.985
1.327
1.369
1.970
1.354
1.103
1.565
1.203
1.323
2.438
1.728
1.370
1.692
1.310
1.494
1.407
1.344
1.297
1.916
1.448
1.087
1.362
1.347
1.437
1.092
1.344
1.124
1.352
1.320
1.110
1.338
1.336
1.620
1.337
1.357
1.358
1.104
1.318
1.352
1.331
1.314
1.301
1.330
1.323
1.408
1.371
1.368
1.343
1.320
1.320
1.405
1.347
1.308
1.357
1.303
1.407
1.363
1.319
1.377
1.154
1.297
1.340
1.350
1.310
1.332
1.372
1.321
1.316
1.441
1.367
1.347
1.333
1.375
1.327
1.312
1.074
1.362
1.385
1.296
1.294
1.359
1.410
1.094

Wed Jan 13 22:00:01 JST 2021
3.178
1.638
1.236
1.496
1.597
1.545
1.309
2.083
1.334
1.352
1.402
1.656
1.318
1.931
1.355
1.335
1.631
1.380
1.286
1.561
1.929
1.349
1.388
1.387
1.409
1.370
1.354
1.922
1.313
1.391
1.170
1.345
1.978
1.906
1.364
1.354
1.352
1.549
1.552
1.407
1.370
1.355
1.318
1.328
1.367
1.338
1.316
1.294
1.286
1.344
1.318
1.081
1.237
1.338
1.307
1.313
1.332
1.312
1.299
1.345
1.329
1.446
1.069
1.355
1.307
1.458
1.465
1.088
1.331
1.343
1.338
1.352
1.363
1.323
1.331
1.098
1.076
1.304
1.066
1.318
1.299
1.119
1.362
1.359
1.327
1.293
1.149
1.318
1.324
1.327
1.330
1.339
1.310
1.101
1.309
1.318
1.304
1.080
1.359
1.108

Thu Jan 14 00:00:01 JST 2021
2.870
1.453
1.618
1.352
1.461
1.864
1.391
1.468
1.543
1.538
1.500
1.293
1.318
1.497
1.260
2.109
1.318
1.313
1.590
1.577
1.367
2.035
1.802
1.323
1.561
1.265
1.362
1.470
1.059
1.885
1.562
1.266
1.284
1.690
1.464
1.327
2.095
1.288
1.188
1.416
1.341
1.073
1.337
1.324
1.345
1.480
1.200
1.332
1.357
1.375
1.331
1.339
1.342
1.614
1.309
1.486
1.365
1.322
1.334
1.306
1.296
1.304
1.344
1.296
1.285
1.290
1.360
1.316
1.463
1.307
1.202
1.103
1.533
1.311
1.072
1.084
1.097
1.337
1.319
1.331
1.105
1.086
1.314
1.336
1.459
1.360
1.095
1.096
1.368
1.337
1.404
1.346
1.319
1.310
1.325
1.416
1.080
1.138
1.070
1.306

Thu Jan 14 02:00:01 JST 2021
2.865
1.472
1.361
1.370
1.973
1.396
1.551
2.344
1.337
1.456
1.391
1.853
2.014
1.160
1.454
1.354
1.780
1.393
1.915
1.463
1.365
1.348
1.431
1.503
1.388
1.348
1.814
1.721
1.659
1.364
1.763
1.388
1.408
1.322
1.373
1.351
1.089
1.368
1.519
1.389
1.146
1.383
1.377
1.114
1.351
1.431
1.315
1.353
1.333
1.376
1.343
1.350
1.530
1.373
1.385
1.337
1.132
1.338
1.372
1.381
1.111
1.330
1.460
1.403
1.365
1.344
1.375
1.360
1.336
1.330
1.329
1.106
1.358
1.340
1.121
1.388
1.368
1.125
1.144
1.372
1.370
1.341
1.370
1.459
1.373
1.355
1.428
1.331
1.344
1.409
1.387
1.332
1.127
1.359
1.348
1.399
1.374
1.145
1.365
1.349

Thu Jan 14 04:00:01 JST 2021
2.013
1.416
1.391
1.384
1.535
1.801
2.158
1.343
1.366
1.357
1.336
1.368
1.552
1.391
1.136
1.627
1.477
1.352
1.372
1.367
1.347
1.345
1.619
1.560
1.346
1.443
1.532
1.609
1.518
1.360
1.383
1.756
1.992
1.220
1.114
1.136
1.315
1.318
1.378
1.370
1.364
1.395
1.346
1.132
1.323
1.373
1.336
1.362
1.442
1.370
1.330
1.360
1.107
1.454
1.354
1.388
1.320
1.364
1.356
1.356
1.347
1.358
1.355
1.376
1.352
1.377
1.336
1.395
1.346
1.347
1.335
1.361
1.455
1.380
1.365
1.369
1.355
1.165
1.340
1.390
1.140
1.354
1.098
1.406
1.331
1.361
1.405
1.413
1.335
1.345
1.365
1.139
1.364
1.355
1.380
1.361
1.368
1.381
1.367
1.383

Thu Jan 14 06:00:01 JST 2021
1.572
1.083
1.364
1.380
1.349
1.306
1.558
1.910
1.374
1.739
1.959
1.411
1.248
1.302
1.687
1.487
1.366
1.343
1.750
1.781
1.333
1.336
1.340
1.765
1.546
1.368
1.331
1.511
1.819
1.629
1.479
1.318
1.308
1.316
1.118
1.094
2.122
1.130
1.314
1.096
1.315
1.087
1.103
1.309
1.336
1.365
1.345
1.400
1.327
1.102
1.074
1.091
1.322
1.352
1.334
1.332
1.091
1.322
1.150
1.150
1.339
1.325
1.300
1.421
1.074
1.305
1.319
1.311
1.347
1.322
1.069
1.324
1.101
1.373
1.366
1.314
1.313
1.328
1.384
1.389
1.330
1.319
1.174
1.367
1.298
1.331
1.320
1.313
1.083
1.071
1.338
1.339
1.329
1.304
1.364
1.305
1.317
1.323
1.292
1.314

Thu Jan 14 08:00:01 JST 2021
1.941
1.349
1.334
1.141
1.133
1.298
1.562
1.915
1.336
1.093
1.509
1.319
1.181
1.377
1.505
1.316
1.241
1.487
1.295
1.683
1.441
1.315
1.342
1.492
1.453
1.345
1.345
1.396
1.329
1.130
1.355
1.332
1.202
1.217
1.339
1.411
1.334
1.320
1.363
1.337
1.099
1.456
1.295
1.326
1.323
1.330
1.409
1.323
1.314
1.323
1.109
1.136
1.085
1.342
1.320
1.353
1.370
1.300
1.317
1.417
1.301
1.320
1.070
1.337
1.319
1.313
1.315
1.303
1.078
1.287
1.305
1.356
1.351
1.290
1.349
1.332
1.340
1.112
1.077
1.300
1.326
1.070
1.363
1.343
1.311
1.103
1.108
1.374
1.306
1.289
1.117
1.322
1.354
1.115
1.340
1.330
1.323
1.320
1.396
1.134

Thu Jan 14 10:00:01 JST 2021
1.654
1.105
1.326
1.341
1.361
1.375
2.288
1.353
1.413
1.082
1.492
1.297
1.247
1.801
1.387
1.342
1.656
1.368
1.324
1.739
1.573
1.207
1.329
1.360
1.656
1.434
1.364
1.094
1.364
1.091
1.682
1.563
1.612
1.333
1.292
1.319
1.305
1.363
1.297
1.102
1.387
1.310
1.339
1.357
1.358
1.085
1.328
1.323
1.094
1.338
1.370
1.430
1.328
1.342
1.339
1.345
1.118
1.328
1.324
1.318
1.125
1.345
1.321
1.343
1.095
1.354
1.330
1.098
1.335
1.350
1.150
1.339
1.351
1.377
1.341
1.415
1.186
1.335
1.071
1.359
1.077
1.392
1.304
1.369
1.360
1.380
1.355
1.533
1.326
1.528
1.321
1.079
1.349
1.077
1.140
1.115
1.387
1.325
1.334
1.378

Thu Jan 14 12:00:01 JST 2021
2.814
1.372
1.103
1.460
1.298
2.365
1.357
1.339
1.356
1.089
1.296
1.496
1.322
1.401
1.835
1.494
1.347
1.370
1.689
1.471
1.357
1.300
1.721
1.853
1.250
1.522
1.550
1.503
1.423
1.320
1.101
1.369
1.090
1.504
1.288
1.098
1.320
1.388
1.326
1.430
1.342
1.097
1.470
1.101
1.319
1.353
1.076
1.315
1.146
1.316
1.077
1.322
1.291
1.323
1.322
1.334
1.100
1.319
1.344
1.370
1.323
1.305
1.279
1.423
1.294
1.330
1.274
1.285
1.313
1.097
1.288
1.113
1.330
1.308
1.419
1.305
1.276
1.330
1.337
1.308
1.096
1.060
1.082
1.355
1.105
1.329
1.426
1.085
1.104
1.364
1.055
1.313
1.314
1.297
1.344
1.096
1.093
1.303
1.058
1.090

Thu Jan 14 14:00:01 JST 2021
2.588
1.382
1.357
1.364
1.621
1.351
1.095
1.508
1.240
1.350
1.392
1.656
1.686
1.540
1.344
1.841
1.330
1.746
1.771
1.873
1.901
1.386
1.334
1.314
1.924
1.276
1.634
1.969
1.372
1.397
1.087
1.655
1.349
1.312
1.344
1.305
1.171
1.305
1.320
1.295
1.291
1.345
1.111
1.364
1.332
1.390
1.320
1.332
1.310
1.336
1.078
1.298
1.141
1.320
1.100
1.302
1.370
1.331
1.137
1.077
1.089
1.305
1.289
1.337
1.330
1.356
1.070
1.329
1.336
1.351
1.356
1.102
1.298
1.345
1.338
1.359
1.101
1.335
1.310
1.487
1.286
1.078
1.351
1.098
1.318
1.286
1.303
1.320
1.329
1.322
1.330
1.324
1.329
1.343
1.288
1.306
1.412
1.304
1.096
1.090

Thu Jan 14 16:00:01 JST 2021
3.887
1.317
1.339
1.282
1.327
1.509
1.465
1.434
1.396
1.857
1.603
1.497
1.088
1.561
1.724
1.358
1.818
1.662
1.307
1.306
1.735
1.247
1.297
1.468
1.429
1.300
1.470
1.406
1.290
1.365
1.733
1.752
1.169
1.313
1.328
1.287
1.300
1.119
1.356
1.396
1.081
1.378
1.385
1.350
1.138
1.098
1.353
1.077
1.344
1.314
1.293
1.319
1.320
1.088
1.065
1.314
1.317
1.326
1.124
1.130
1.360
1.095
1.341
1.303
1.624
1.317
1.308
1.297
1.335
1.306
1.369
1.342
1.383
1.322
1.087
1.313
1.331
1.319
1.303
1.155
1.340
1.080
1.304
1.327
1.323
1.330
1.347
1.331
1.310
1.407
1.313
1.315
1.147
1.310
1.313
1.317
1.090
1.309
1.309
1.391

Thu Jan 14 18:00:01 JST 2021
2.825
1.320
1.369
1.301
1.444
2.202
1.353
1.210
1.325
1.339
1.375
1.778
1.332
1.832
1.085
1.788
1.406
1.375
1.662
1.242
1.310
1.432
1.951
1.357
1.305
1.509
1.363
1.948
1.329
1.324
1.343
1.402
1.331
1.465
1.391
1.351
1.103
1.056
1.130
1.334
1.347
1.331
1.339
1.296
1.496
1.344
1.346
1.335
1.303
1.063
1.329
1.311
1.346
1.293
1.304
1.340
1.335
1.299
1.446
1.336
1.308
1.315
1.361
1.267
1.333
1.314
1.320
1.138
1.375
1.118
1.115
1.318
1.335
1.310
1.307
1.451
1.316
1.092
1.345
1.342
1.382
1.359
1.346
1.128
1.436
1.325
1.326
1.364
1.326
1.443
1.310
1.484
1.294
1.413
1.321
1.347
1.337
1.355
1.317
1.299

Thu Jan 14 20:00:01 JST 2021
3.861
1.349
1.425
1.346
1.359
1.915
2.192
1.748
1.432
1.121
1.119
1.344
1.081
1.065
2.001
1.331
1.327
1.394
1.428
1.323
1.321
1.825
1.872
1.370
1.448
2.186
1.886
1.339
1.362
1.725
1.316
1.178
1.635
2.269
1.552
1.361
1.321
1.110
1.353
1.097
1.388
1.340
1.373
1.522
1.092
1.368
1.353
1.355
1.300
1.094
1.333
1.338
1.333
1.484
1.113
1.320
1.085
1.445
1.304
1.330
1.338
1.334
1.392
1.325
1.097
1.312
1.075
1.368
1.427
1.633
1.343
1.304
1.324
1.303
1.366
1.334
1.113
1.296
1.351
1.088
1.317
1.302
1.352
1.341
1.295
1.328
1.384
1.302
1.322
1.294
1.280
1.362
1.348
1.345
1.563
1.356
1.095
1.321
1.363
1.315

Thu Jan 14 22:00:01 JST 2021
2.840
1.323
1.331
1.347
1.490
1.918
1.361
1.094
1.480
1.219
1.318
1.339
1.909
1.171
1.357
1.787
1.279
1.318
1.512
1.914
1.344
1.441
1.367
1.796
2.087
1.448
1.369
1.800
1.352
1.487
1.283
1.144
1.256
1.129
1.358
1.314
1.291
1.293
1.330
1.316
1.343
1.375
1.201
1.344
1.323
1.388
1.379
1.313
1.342
1.279
1.333
1.407
1.341
1.325
1.308
1.305
1.397
1.105
1.206
1.151
1.409
1.334
1.347
1.430
1.388
1.353
1.339
1.392
1.331
1.336
1.320
1.334
1.320
1.105
1.328
1.293
1.055
1.319
1.416
1.361
1.321
1.068
1.534
1.309
1.344
1.098
1.478
1.346
1.363
1.343
1.342
1.316
1.344
1.403
1.328
1.325
1.348
1.346
1.294
1.135

Fri Jan 15 00:00:01 JST 2021
1.996
1.355
1.314
1.350
1.565
1.313
1.428
1.585
1.640
1.410
1.436
1.425
1.612
1.395
1.304
1.368
1.737
1.336
1.552
1.656
1.964
1.813
1.699
1.332
1.322
1.690
1.494
1.108
2.011
1.304
1.349
1.553
1.142
1.304
1.339
1.084
1.540
1.418
1.315
1.297
1.313
1.457
1.545
1.179
1.078
1.310
1.317
1.310
1.329
1.307
1.484
1.332
1.331
1.376
1.096
1.322
1.329
1.411
1.098
1.328
1.317
1.117
1.330
1.360
1.381
1.301
1.355
1.340
1.320
1.171
1.287
1.108
1.329
1.309
1.320
1.361
1.070
1.320
1.327
1.345
1.371
1.347
1.345
1.358
1.325
1.332
1.340
1.602
1.362
1.345
1.301
1.298
1.327
1.308
1.394
1.346
1.329
1.327
1.299
1.370

Fri Jan 15 02:00:01 JST 2021
3.034
1.068
1.315
1.083
1.800
1.293
1.299
1.567
1.519
1.373
1.403
1.395
1.791
1.396
1.364
1.497
1.858
1.514
1.132
1.077
1.480
1.610
1.114
1.660
1.360
1.107
1.082
1.448
1.335
1.818
1.780
1.464
1.334
1.323
1.329
1.295
1.258
1.326
1.099
1.372
1.350
1.296
1.366
1.364
1.330
1.316
1.303
1.146
1.102
1.156
1.184
1.300
1.390
1.071
1.069
1.320
1.087
1.499
1.359
1.334
1.303
1.331
1.288
1.286
1.317
1.071
1.075
1.316
1.101
1.088
1.320
1.344
1.342
1.446
1.331
1.336
1.315
1.315
1.298
1.283
1.316
1.339
1.309
1.304
1.297
1.285
1.386
1.306
1.283
1.082
1.410
1.334
1.463
1.313
1.296
1.128
1.297
1.292
1.316
1.313

Fri Jan 15 04:00:01 JST 2021
1.930
1.085
1.423
1.326
1.554
1.467
1.352
1.357
1.808
1.337
1.146
1.161
1.383
1.448
1.310
1.439
1.574
1.369
1.357
1.718
1.652
1.296
1.106
1.367
1.325
1.104
1.930
2.145
1.775
1.348
1.632
1.504
1.314
1.722
1.881
1.406
1.323
1.208
1.074
1.299
1.356
1.092
1.596
1.406
1.116
1.406
1.305
1.386
1.316
1.316
1.084
1.289
1.316
1.303
1.403
1.343
1.400
1.066
1.084
1.436
1.365
1.076
1.311
1.078
1.095
1.399
1.320
1.325
1.079
1.321
1.402
1.092
1.358
1.341
1.362
1.367
1.384
1.313
1.313
1.315
1.305
1.418
1.293
1.339
1.316
1.347
1.334
1.288
1.176
1.131
1.352
1.350
1.336
1.316
1.371
1.117
1.407
1.335
1.313
1.314

Fri Jan 15 06:00:01 JST 2021
3.821
1.071
1.310
1.328
1.175
1.946
1.317
1.426
1.336
1.782
1.394
1.337
1.339
1.328
2.041
1.726
1.453
1.711
1.333
1.095
1.581
1.480
1.349
1.316
1.901
1.505
1.299
1.136
1.410
1.369
2.173
1.411
1.341
1.333
1.392
1.332
1.085
1.068
1.292
1.303
1.318
1.337
1.291
1.079
1.370
1.314
1.308
1.672
1.419
1.303
1.325
1.297
1.316
1.322
1.372
1.335
1.360
1.371
1.323
1.300
1.062
1.289
1.393
1.305
1.300
1.338
1.379
1.095
1.389
1.103
1.336
1.316
1.345
1.343
1.339
1.372
1.320
1.637
1.084
1.394
1.340
1.413
1.332
1.312
1.118
1.117
1.384
1.321
1.389
1.369
1.325
1.317
1.332
1.337
1.326
1.329
1.343
1.338
1.090
1.309

Fri Jan 15 08:00:01 JST 2021
1.973
1.361
1.325
1.487
1.343
1.129
2.609
1.442
1.365
1.303
1.409
1.309
1.368
1.672
1.623
1.467
1.357
1.112
1.534
1.370
1.471
1.747
1.081
1.797
1.470
1.291
1.320
1.689
1.948
1.209
1.105
1.447
1.306
1.441
1.384
1.090
1.537
1.310
1.315
1.341
1.088
1.114
1.301
1.481
1.298
1.316
1.293
1.326
1.770
1.221
1.335
1.350
1.330
1.365
1.455
1.294
1.330
1.341
1.449
1.214
1.453
1.432
1.352
1.383
1.694
1.350
1.103
1.334
1.325
1.309
1.293
1.104
1.339
1.452
1.493
1.317
1.317
1.108
1.322
1.387
1.546
1.314
1.478
1.354
1.075
1.467
1.343
1.313
1.323
1.317
1.067
1.342
1.352
1.350
1.315
1.093
1.328
1.341
1.314
1.102

Fri Jan 15 10:00:01 JST 2021
2.857
1.176
1.338
1.404
1.356
1.606
1.335
1.123
1.099
1.634
1.293
1.486
1.313
1.318
1.935
1.992
1.339
1.714
1.710
1.440
1.117
1.665
1.360
1.638
1.399
1.476
1.482
1.332
1.319
1.413
1.129
1.304
1.241
1.313
1.122
1.085
1.325
1.320
1.340
1.336
1.380
1.154
1.917
1.341
1.312
1.341
1.379
1.323
1.322
1.341
1.304
1.319
1.371
1.366
1.331
1.362
1.130
1.313
1.311
1.208
1.101
1.308
1.345
1.374
1.325
1.397
1.330
1.100
1.382
1.348
1.361
1.335
1.321
1.320
1.332
1.297
1.329
1.365
1.310
1.339
1.304
1.079
1.089
1.351
1.326
1.325
1.433
1.303
1.329
1.338
1.375
1.312
1.351
1.404
1.088
1.290
1.297
1.087
1.330
1.324

Fri Jan 15 12:00:01 JST 2021
2.978
1.334
1.325
1.076
1.342
1.870
1.200
1.321
1.302
1.691
1.379
1.180
1.340
1.548
1.449
1.594
2.409
1.312
1.309
1.743
1.786
1.174
1.375
1.447
1.627
1.599
1.533
1.376
1.641
1.747
1.266
1.288
1.669
1.539
1.342
1.357
1.353
1.324
1.285
1.313
1.303
1.309
1.091
1.089
1.309
1.307
1.405
1.327
1.309
1.316
1.370
1.293
1.289
1.300
1.299
1.405
1.060
1.274
1.278
1.310
1.317
1.323
1.110
1.334
1.064
1.352
1.353
1.302
1.303
1.352
1.322
1.308
1.310
1.302
1.317
1.095
1.338
1.590
1.100
1.295
1.321
1.346
1.103
1.325
1.332
1.420
1.101
1.695
1.344
1.306
1.069
1.060
1.328
1.069
1.333
1.345
1.061
1.324
1.328
1.306

Fri Jan 15 14:00:01 JST 2021
3.814
1.355
1.288
1.324
1.345
2.159
1.399
1.418
1.327
1.098
1.427
1.333
1.527
1.425
1.366
1.499
1.445
1.338
1.577
2.013
1.817
1.574
1.331
1.654
1.122
1.318
1.516
1.544
1.478
1.329
1.330
1.831
1.339
1.127
1.338
1.335
1.309
1.346
1.331
1.301
1.399
1.307
1.169
1.307
1.286
1.074
1.291
1.333
1.079
1.352
1.308
1.318
1.361
1.312
1.335
1.095
1.321
1.341
1.317
1.311
1.364
1.320
1.067
1.283
1.302
1.277
1.090
1.362
1.318
1.081
1.325
1.386
1.084
1.088
1.315
1.298
1.163
1.395
1.314
1.090
1.285
1.152
1.112
1.342
1.089
1.358
1.328
1.316
1.322
1.332
1.321
1.318
1.330
1.310
1.296
1.366
1.053
1.352
1.326
1.108

Fri Jan 15 16:00:01 JST 2021
1.924
1.091
1.300
1.394
1.108
1.384
1.439
1.668
2.341
1.276
1.465
1.361
1.287
1.295
1.338
1.081
1.116
1.968
1.479
1.327
1.338
1.943
1.267
1.323
1.411
1.879
1.469
1.312
1.487
1.764
1.319
1.112
1.307
1.367
1.787
1.875
1.232
1.313
1.337
1.500
1.091
1.120
1.321
1.327
1.102
1.374
1.110
1.298
1.112
1.375
1.449
1.349
1.295
1.329
1.292
1.174
1.355
1.355
1.217
1.325
1.085
1.326
1.302
1.345
1.394
1.370
1.324
1.341
1.419
1.514
1.147
1.337
1.363
1.328
1.649
1.321
1.133
1.089
1.316
1.081
1.358
1.346
1.358
1.325
1.301
1.329
1.339
1.119
1.337
1.334
1.066
1.148
1.313
1.393
1.303
1.310
1.297
1.282
1.073
1.329

Fri Jan 15 18:00:01 JST 2021
3.028
1.225
1.320
1.355
1.083
1.383
1.608
1.569
1.400
1.914
1.324
1.387
1.387
1.321
1.335
1.106
1.342
1.881
1.351
1.340
1.478
1.234
1.330
1.723
1.479
1.608
1.319
1.426
1.337
1.558
1.325
1.781
1.848
1.407
1.156
1.437
1.328
1.320
1.052
1.316
1.376
1.076
1.356
1.413
1.317
1.286
1.325
1.339
1.168
1.103
1.342
1.071
1.071
1.140
1.385
1.098
1.319
1.307
1.324
1.356
1.178
1.082
1.306
1.129
1.347
1.423
1.284
1.060
1.313
1.095
1.308
1.311
1.384
1.347
1.095
1.291
1.392
1.336
1.315
1.322
1.371
1.198
1.075
1.374
1.067
1.078
1.074
1.301
1.352
1.184
1.352
1.192
1.325
1.168
1.328
1.310
1.330
1.333
1.348
1.087

Fri Jan 15 20:00:01 JST 2021
2.860
1.358
1.333
1.387
1.518
1.110
1.494
1.339
1.246
1.463
1.385
1.378
1.334
1.415
1.373
1.731
1.370
1.475
1.387
1.685
1.486
1.327
1.391
1.674
1.460
1.175
1.756
1.340
1.316
1.908
1.339
1.392
1.747
1.328
1.333
1.781
1.509
1.335
1.649
1.105
1.370
1.344
1.421
1.298
1.363
1.301
1.083
1.342
1.342
1.334
1.382
1.310
1.086
1.357
1.188
1.553
1.370
1.291
1.344
1.291
1.324
1.078
1.352
1.299
1.321
1.293
1.310
1.338
1.304
1.179
1.346
1.316
1.320
1.374
1.326
1.344
1.289
1.289
1.077
1.345
1.303
1.437
1.344
1.363
1.325
1.382
1.631
1.338
1.345
1.065
1.316
1.325
1.517
1.318
1.320
1.278
1.156
1.384
2.129
1.109

Fri Jan 15 22:00:01 JST 2021
3.148
1.326
2.482
1.404
1.316
1.344
1.362
1.330
1.490
1.586
1.326
1.363
1.523
1.629
1.728
1.902
1.327
1.340
1.637
1.538
1.308
1.692
1.314
1.301
1.858
1.195
1.347
1.521
1.992
1.901
1.430
1.382
1.348
1.771
1.103
1.322
1.321
1.329
1.088
1.297
1.303
1.354
1.333
1.328
1.381
1.112
1.406
1.331
1.317
1.309
1.098
1.291
1.325
1.084
1.289
1.318
1.344
1.338
1.085
1.318
1.335
1.109
1.330
1.318
1.376
1.752
1.092
1.318
1.128
1.341
1.299
1.352
1.094
1.094
1.063
1.360
1.070
1.109
1.316
1.299
1.295
1.364
1.313
1.321
1.312
1.330
1.221
1.060
1.197
1.313
1.338
1.343
1.292
1.307
1.337
1.311
1.100
1.295
1.297
1.357

Sat Jan 16 00:00:01 JST 2021
2.844
1.330
1.444
1.094
1.459
1.399
1.123
1.367
1.289
1.312
1.738
1.358
1.516
1.481
1.350
1.351
1.814
1.515
1.367
1.413
2.012
1.461
1.362
1.343
1.555
1.143
1.514
1.120
1.352
1.438
1.424
1.082
1.510
1.693
1.491
1.347
1.554
1.474
1.136
1.329
1.140
1.331
1.467
1.564
1.357
1.163
1.298
1.380
1.327
1.082
1.140
1.335
1.344
1.290
1.223
1.114
1.516
1.326
1.308
1.357
1.331
1.337
1.352
1.313
1.391
1.342
1.120
1.320
1.345
1.343
1.354
1.088
1.345
1.339
1.265
1.336
1.116
1.352
1.108
1.302
1.323
1.114
1.355
1.307
1.378
1.069
1.135
1.109
1.345
1.330
1.309
1.109
1.334
1.108
1.445
1.302
1.098
1.339
1.324
1.395

Sat Jan 16 02:00:01 JST 2021
2.828
1.412
1.325
1.339
1.685
1.333
1.351
1.449
1.558
1.300
1.428
1.217
1.292
1.324
1.463
1.528
1.310
1.239
1.424
1.295
1.431
1.304
1.122
1.260
1.466
1.333
1.549
1.769
1.306
1.670
1.568
2.010
1.580
1.300
1.336
1.356
1.409
1.084
1.315
1.293
1.282
1.359
1.394
1.110
1.392
1.366
1.284
1.340
1.280
1.335
1.285
1.114
1.319
1.076
1.301
1.340
1.361
1.082
1.304
1.373
1.290
1.096
1.072
1.301
1.118
1.417
1.320
1.101
1.085
1.367
1.295
1.320
1.307
1.300
1.420
1.343
1.300
1.099
1.309
1.082
1.338
1.327
1.305
1.334
1.070
1.298
1.320
1.316
1.099
1.559
1.363
1.332
1.363
1.373
1.340
1.371
1.083
1.311
1.298
1.313

Sat Jan 16 04:00:01 JST 2021
2.883
1.386
1.341
1.371
1.358
1.444
1.087
1.328
1.347
1.328
1.329
1.628
1.485
1.101
1.315
1.691
1.706
1.329
1.626
1.750
1.128
1.568
1.341
1.321
1.872
1.453
1.121
1.831
1.374
1.322
1.625
1.809
1.340
1.348
1.501
1.340
1.304
1.346
1.361
1.093
1.327
1.124
1.318
1.099
1.328
1.198
1.081
1.105
1.160
1.340
1.378
1.243
1.332
1.310
1.313
1.308
1.311
1.319
1.455
1.199
1.357
1.312
1.075
1.303
1.363
1.303
1.360
1.343
1.308
1.339
1.328
1.334
1.438
1.341
1.435
1.105
1.326
1.333
1.321
1.118
1.205
1.117
1.125
1.458
1.341
1.330
1.332
1.139
1.373
1.358
1.415
1.392
1.336
1.121
1.094
1.361
1.331
1.370
1.326
1.341

Sat Jan 16 06:00:01 JST 2021
1.870
1.291
1.382
1.332
1.549
1.152
2.378
1.846
1.111
1.610
1.467
1.343
1.312
1.517
1.848
1.350
1.525
1.328
1.900
1.259
1.317
1.509
1.422
1.384
1.351
1.605
1.479
1.307
1.337
1.750
1.829
1.891
1.495
1.192
1.319
1.330
1.390
1.345
1.120
1.103
1.123
2.005
1.324
1.350
1.072
1.313
1.302
1.323
1.313
1.316
1.323
1.333
1.316
1.140
1.331
1.329
1.304
1.314
1.631
1.551
1.095
1.390
1.318
1.333
1.296
1.301
1.303
1.298
1.371
1.318
1.403
1.293
1.091
1.356
1.345
1.364
1.334
1.299
1.328
1.345
1.076
1.290
1.331
1.104
1.293
1.323
1.595
1.318
1.313
1.320
1.298
1.459
1.428
1.367
1.311
1.078
1.334
1.112
1.327
1.094

Sat Jan 16 08:00:01 JST 2021
2.091
1.178
1.129
1.459
1.316
1.227
1.348
1.431
1.120
1.353
1.458
1.483
1.345
1.394
1.638
1.393
1.324
1.305
1.860
1.367
1.319
1.317
1.830
1.550
1.118
1.375
1.431
1.298
1.565
1.646
1.534
1.094
1.594
1.338
1.338
1.344
1.352
1.373
1.356
1.383
1.330
1.069
1.306
1.542
1.292
1.077
1.106
1.338
1.399
1.085
1.073
1.305
1.316
1.288
1.315
1.308
1.078
1.352
1.500
1.147
1.310
1.301
1.311
1.317
1.307
1.334
1.317
1.098
1.304
1.077
1.138
1.339
1.086
1.347
1.327
1.327
1.341
1.368
1.328
1.324
1.090
1.116
1.089
1.065
1.076
1.287
1.351
1.084
1.333
1.354
1.510
1.311
1.103
1.066
1.330
1.369
1.384
1.315
1.321
1.402

Sat Jan 16 10:00:01 JST 2021
2.828
1.298
1.341
1.301
1.431
1.849
1.349
1.443
1.338
1.348
1.325
1.341
1.599
1.340
1.409
1.822
1.341
1.304
1.404
1.849
1.402
1.082
1.542
1.769
1.331
1.344
1.578
1.299
1.968
1.297
1.278
1.092
1.525
1.294
1.432
1.690
1.117
1.095
1.297
1.099
1.299
1.183
1.354
1.319
1.307
1.280
1.110
1.121
1.317
1.333
1.310
1.310
1.374
1.083
1.378
1.302
1.152
1.334
1.346
1.293
1.301
1.078
1.429
1.359
1.216
1.059
1.323
1.318
1.282
1.298
1.344
1.330
1.090
1.085
1.326
1.322
1.328
1.079
1.318
1.305
1.300
1.320
1.316
1.300
1.288
1.108
1.066
1.281
1.335
1.353
1.829
1.091
1.317
1.319
1.384
1.112
1.334
1.311
1.298
1.367

Sat Jan 16 12:00:01 JST 2021
1.892
1.104
1.188
1.691
1.371
1.314
1.624
1.720
1.098
1.617
1.488
1.323
1.369
1.472
1.327
1.336
1.568
1.285
1.332
1.526
1.688
1.542
1.359
1.293
1.685
1.734
1.694
1.507
1.297
1.571
1.337
1.284
1.417
1.395
1.339
1.434
1.055
1.297
1.110
1.327
1.268
1.064
1.541
1.095
1.302
1.281
1.052
1.361
1.081
1.333
2.129
1.110
1.103
1.285
1.306
1.272
1.277
1.465
1.081
1.324
1.339
1.072
1.073
1.320
1.330
1.326
1.089
1.077
1.344
1.326
1.330
1.328
1.073
1.372
1.338
1.286
1.335
1.051
1.314
1.310
1.069
1.279
1.102
1.304
1.374
1.325
1.293
1.294
1.069
1.321
1.285
1.322
1.291
1.067
1.308
1.079
1.041
1.345
1.268
1.055

Sat Jan 16 14:00:01 JST 2021
3.054
1.084
1.294
1.192
1.362
1.492
1.300
1.336
1.390
1.201
1.085
1.316
1.140
1.313
1.514
1.580
1.126
1.442
1.571
1.448
1.149
1.380
1.232
1.058
1.455
1.149
1.334
1.415
1.430
1.072
1.777
1.882
1.789
1.428
1.290
1.322
1.315
1.122
1.342
1.376
1.321
1.338
1.411
1.532
1.344
1.314
1.068
1.299
1.301
1.276
1.301
1.331
1.335
1.071
1.062
1.321
1.298
1.303
1.332
1.342
1.111
1.294
1.319
1.318
1.101
1.292
1.294
1.306
1.315
1.084
1.072
1.299
1.135
1.089
1.312
1.297
1.083
1.058
1.065
1.306
1.122
1.089
1.076
1.349
1.072
2.152
1.078
1.348
1.297
1.381
1.295
1.393
1.082
1.325
1.279
1.154
1.314
1.312
1.356
1.322

Sat Jan 16 16:00:01 JST 2021
2.811
1.334
1.326
1.355
1.116
1.097
1.375
1.734
1.132
1.309
1.323
1.375
1.315
1.427
1.336
1.338
2.003
1.413
1.079
1.303
1.386
1.536
1.288
1.346
1.451
1.413
1.082
1.662
1.398
1.085
1.507
1.313
1.121
1.193
1.097
1.681
1.358
1.324
1.304
1.298
1.313
1.299
1.312
1.329
1.384
1.296
1.302
1.067
1.283
1.309
1.300
1.341
1.315
1.311
1.325
1.278
1.341
1.328
2.311
1.296
1.137
1.268
1.331
1.326
1.294
1.290
1.389
1.305
1.120
1.271
1.315
1.061
1.306
1.107
1.378
1.503
1.084
1.309
1.271
1.305
1.117
1.365
1.382
1.077
1.300
1.334
1.093
1.302
1.312
1.299
1.298
1.334
1.293
1.088
1.063
1.080
1.301
1.310
1.287
1.353

Sat Jan 16 18:00:01 JST 2021
2.816
1.296
1.390
1.300
1.296
1.308
1.372
1.079
1.206
1.722
1.107
1.421
1.294
1.677
1.727
2.016
1.087
1.671
1.787
1.171
1.333
1.337
1.775
1.898
1.835
1.115
1.304
1.656
1.784
1.474
1.314
1.383
1.406
1.316
1.057
1.073
1.311
1.342
1.075
1.299
1.081
1.077
1.334
1.307
1.104
1.349
1.291
1.397
1.349
1.322
1.315
1.285
1.331
1.305
1.320
1.322
1.112
1.446
1.081
1.323
1.326
1.340
1.076
1.368
1.315
1.310
1.316
1.318
1.085
1.348
1.392
1.307
1.310
1.330
1.333
1.076
1.333
1.304
1.078
1.077
1.082
1.332
1.072
1.325
1.307
1.322
1.087
1.330
1.319
1.297
1.283
1.386
1.313
1.317
1.296
1.327
1.301
1.292
1.323
1.085

Sat Jan 16 20:00:01 JST 2021
2.903
1.351
1.164
1.316
1.339
1.551
2.238
1.299
1.346
1.287
1.427
1.353
1.657
1.730
1.362
1.528
1.331
1.359
1.759
1.115
1.335
1.366
1.056
1.380
1.902
1.547
1.302
1.360
1.387
1.308
1.100
1.308
1.077
1.097
1.318
1.338
1.312
1.561
1.283
1.151
1.113
1.297
1.091
1.344
1.082
1.334
1.066
1.079
1.287
1.288
1.309
1.039
1.292
1.083
1.305
1.328
1.055
1.302
1.302
1.273
1.390
1.147
1.340
1.270
1.328
1.342
1.290
1.295
1.406
1.297
1.076
1.088
1.094
1.326
1.140
1.044
1.312
1.106
1.074
1.082
1.424
1.060
1.311
1.303
1.295
1.310
1.378
1.322
1.085
1.295
1.073
1.322
1.333
1.301
1.295
1.315
1.290
1.070
1.417
1.318

Sat Jan 16 22:00:01 JST 2021
2.804
1.324
1.350
1.332
1.476
1.488
1.106
1.312
1.303
1.736
1.332
1.348
1.291
1.267
1.154
1.309
1.517
1.303
1.073
1.352
1.265
1.321
2.016
1.726
1.287
1.313
1.404
1.855
1.480
1.709
1.080
1.321
1.530
1.285
1.304
1.289
1.307
1.275
1.297
1.276
1.074
1.057
1.315
1.343
1.294
1.096
1.278
1.314
1.077
1.332
1.302
1.055
1.310
1.405
1.107
1.361
1.094
1.189
1.112
1.331
1.158
1.436
1.099
1.080
1.321
1.327
1.322
1.358
1.338
1.349
1.113
1.309
1.095
1.344
1.081
1.095
1.284
1.292
1.329
1.370
1.353
1.333
1.303
1.284
1.317
1.425
1.316
1.075
1.072
1.290
1.281
1.430
1.339
1.093
1.039
1.309
1.074
1.112
1.307
1.065

Sun Jan 17 00:00:01 JST 2021
2.882
1.318
1.322
1.335
1.326
1.526
1.342
1.124
1.351
1.285
1.221
1.793
1.397
1.061
1.511
1.757
1.423
1.339
1.260
1.129
1.069
1.776
1.138
1.421
1.902
1.782
1.431
1.120
1.610
1.100
1.313
1.560
1.385
1.072
1.778
1.462
1.085
1.303
1.084
1.299
1.296
1.322
1.293
1.084
1.283
1.069
1.082
1.077
1.294
1.339
1.073
1.318
1.289
1.057
1.311
1.068
1.059
1.286
1.359
1.058
1.311
1.288
1.069
1.096
1.043
1.314
1.305
1.300
1.285
1.320
1.284
1.409
1.307
1.070
1.270
1.298
1.312
1.288
1.312
1.298
1.294
1.047
1.064
1.281
1.304
1.079
1.072
1.290
1.290
1.387
1.321
1.073
1.319
1.287
1.372
1.289
1.077
1.292
1.510
1.296

Sun Jan 17 02:00:01 JST 2021
1.792
1.376
1.073
1.315
1.376
1.509
1.151
1.953
1.341
1.282
1.755
1.070
1.318
1.090
1.113
1.795
1.512
1.325
1.076
1.102
1.071
1.712
1.364
1.238
1.206
1.149
1.069
1.688
1.865
1.418
1.298
1.081
1.326
1.317
1.429
1.297
1.302
1.352
1.344
1.294
1.315
1.344
1.087
1.344
1.285
1.313
1.080
1.094
1.359
1.310
1.345
1.088
1.281
1.167
1.351
1.321
1.452
1.091
1.085
1.369
1.300
1.072
1.318
1.327
1.073
1.312
1.068
1.300
1.287
1.132
1.330
1.333
1.336
1.076
1.083
1.277
1.343
1.303
1.282
1.283
1.109
1.329
1.052
1.346
1.287
1.331
1.341
1.107
1.073
1.106
1.327
1.327
1.365
1.280
1.298
1.309
1.304
1.286
1.064
1.303

Sun Jan 17 04:00:01 JST 2021
2.031
1.115
1.374
1.378
1.387
1.335
1.546
1.076
1.316
1.358
1.315
1.362
1.162
1.672
1.419
1.295
1.373
1.121
1.931
1.626
1.841
1.658
1.292
1.089
1.818
1.433
1.373
1.757
1.071
1.086
1.595
1.195
1.279
1.453
1.292
1.055
1.309
1.294
1.388
1.354
1.325
1.299
1.320
1.079
1.279
1.297
1.092
1.304
1.296
1.049
1.359
1.102
1.123
1.342
1.346
1.324
1.328
1.319
1.334
1.288
1.307
1.309
1.301
1.313
1.272
1.309
1.095
1.292
1.321
1.302
1.101
1.344
1.332
1.345
1.325
1.059
1.275
1.304
1.299
1.309
1.115
1.057
1.287
1.391
1.354
1.341
1.322
1.055
1.310
1.304
1.299
1.306
1.276
1.308
1.333
1.302
1.064
1.274
1.301
1.286

Sun Jan 17 06:00:01 JST 2021
2.944
1.107
1.343
1.306
1.414
2.905
1.371
1.136
1.354
1.412
1.329
1.295
1.232
1.130
1.276
1.951
1.523
1.273
1.302
1.754
1.293
1.334
1.303
1.702
1.801
1.356
1.520
1.086
1.734
1.972
1.436
1.308
1.272
1.636
1.288
1.283
1.323
1.308
1.329
1.358
1.338
1.327
1.345
1.355
1.054
1.304
1.281
1.311
1.099
1.284
1.053
1.058
1.057
1.066
1.335
1.292
1.075
1.069
1.357
1.332
1.343
1.309
1.113
1.094
1.304
1.296
1.315
1.304
1.063
1.061
1.279
1.309
1.300
1.276
1.075
1.343
1.075
1.347
1.311
1.105
1.311
1.093
1.086
1.311
1.307
1.149
1.108
1.070
1.056
1.083
1.087
1.103
1.338
1.075
1.040
1.287
1.361
1.067
1.290
1.319

Sun Jan 17 08:00:01 JST 2021
1.935
1.431
1.412
1.328
1.384
1.096
1.609
1.857
1.070
1.602
1.401
1.312
1.268
1.576
1.323
2.046
1.501
1.294
1.483
1.970
1.395
1.091
1.308
1.892
1.309
1.733
1.370
1.351
1.339
1.385
1.331
1.083
1.888
1.104
1.293
1.527
1.286
1.063
1.067
1.056
1.117
1.153
1.343
1.336
1.327
1.330
1.098
1.331
1.089
1.344
1.306
1.337
1.317
1.299
1.319
1.300
1.322
1.305
1.118
1.083
1.336
1.323
1.084
1.302
1.335
1.844
1.138
1.299
1.112
1.072
1.292
1.319
1.346
1.419
1.305
1.307
1.103
1.066
1.317
1.326
1.113
1.324
1.335
1.323
1.297
1.337
1.353
1.329
1.303
1.309
1.288
1.322
1.302
1.303
1.289
1.307
1.086
1.291
1.322
1.308

Sun Jan 17 10:00:01 JST 2021
1.690
1.311
1.474
1.299
1.337
2.151
1.305
1.437
1.596
1.309
1.767
1.063
1.819
2.010
1.044
1.240
1.207
1.307
1.760
1.447
1.295
1.342
1.761
1.384
1.327
1.317
1.847
1.071
1.317
1.367
1.594
1.529
1.291
1.299
1.423
1.346
1.339
1.268
1.305
1.343
1.296
1.289
1.516
1.308
1.301
1.310
1.070
1.382
1.066
1.309
1.288
1.276
1.097
1.275
1.264
1.089
1.308
1.071
1.391
1.278
1.295
1.301
1.083
1.042
1.284
1.499
1.312
1.353
1.080
1.311
1.295
1.313
1.322
1.319
1.277
1.070
1.307
1.318
1.283
1.312
1.296
1.063
1.359
1.387
1.304
1.290
1.264
1.269
1.336
1.485
1.042
1.105
1.289
1.289
1.100
1.334
1.284
1.283
1.314
1.314

Sun Jan 17 12:00:01 JST 2021
2.871
1.350
1.101
1.061
1.330
1.528
1.805
1.100
1.304
1.077
1.495
1.320
1.092
1.923
1.758
1.527
1.208
1.626
1.360
1.058
1.696
1.320
1.299
1.367
1.360
1.288
1.469
1.275
1.292
1.635
1.550
2.598
1.576
1.054
1.115
1.080
1.106
1.084
1.115
1.093
1.298
1.310
1.328
1.345
1.082
1.326
1.074
1.307
1.301
1.323
1.075
1.377
1.296
1.286
1.076
1.295
1.076
1.054
1.066
1.280
1.321
1.056
1.380
1.048
1.049
1.289
1.317
1.414
1.284
1.336
1.311
1.351
1.297
1.307
1.087
1.385
1.082
1.085
1.328
1.348
1.271
1.352
1.278
1.328
1.308
1.134
1.309
1.293
1.051
1.280
1.131
1.423
1.289
1.073
1.282
1.072
1.287
1.271
1.360
1.268

Sun Jan 17 14:00:01 JST 2021
2.849
1.281
1.329
1.309
1.353
2.297
1.121
1.434
1.553
1.338
1.333
1.292
1.536
1.344
1.137
1.603
1.698
1.802
1.486
1.282
1.316
1.624
1.736
1.342
1.313
1.104
1.458
1.350
2.007
1.431
1.339
1.297
1.266
1.606
1.400
1.094
1.351
1.110
1.094
1.287
1.310
1.313
1.266
1.316
1.068
1.298
1.320
1.354
1.276
1.319
1.342
1.321
1.309
1.052
1.283
1.329
1.319
1.096
1.332
1.295
1.291
1.290
1.334
1.293
1.333
1.318
1.335
1.303
1.323
1.286
1.107
1.053
1.070
1.310
1.477
1.095
1.318
1.338
1.264
1.280
1.309
1.272
1.110
1.291
1.293
1.316
1.271
1.321
1.554
1.078
1.098
1.067
1.305
1.276
1.327
1.323
1.301
1.308
1.073
1.366

Sun Jan 17 16:00:01 JST 2021
2.863
1.322
1.327
1.346
1.104
1.299
1.836
1.424
1.525
1.655
1.386
1.076
1.079
1.453
1.219
1.346
1.386
1.116
1.504
1.466
1.409
1.075
1.121
1.303
1.242
1.160
1.069
1.913
1.606
1.265
1.128
1.509
1.293
1.331
1.856
1.206
1.309
1.309
1.071
1.326
1.387
1.110
1.071
1.090
1.631
1.418
1.311
1.312
1.088
1.307
1.089
1.343
1.077
1.318
1.307
1.142
1.302
1.336
1.402
1.073
1.280
1.072
1.290
1.296
1.318
1.300
1.075
1.317
1.307
1.326
1.297
1.317
1.361
1.321
1.336
1.293
1.329
1.074
1.057
1.333
1.053
1.295
1.312
1.097
1.297
1.092
1.300
1.334
1.089
1.086
1.059
1.323
1.339
1.303
1.097
1.053
1.293
1.100
1.324
1.305

Sun Jan 17 18:00:01 JST 2021
2.824
1.360
1.367
1.359
1.313
1.579
1.466
1.385
1.093
1.402
1.320
1.062
1.304
1.490
1.823
2.084
1.797
1.238
1.268
1.702
1.797
1.407
1.270
1.096
1.492
1.324
1.308
1.375
1.315
2.043
1.472
1.333
1.866
1.102
1.307
1.289
1.289
1.345
1.304
1.349
1.335
1.340
1.386
1.305
1.075
1.335
1.302
1.337
1.326
1.306
1.309
1.305
1.315
1.311
1.054
1.298
1.300
1.294
1.336
1.278
1.311
1.308
1.296
1.065
1.286
1.038
1.312
1.330
1.350
1.349
1.086
1.298
1.078
1.301
1.072
1.395
1.078
1.318
1.269
1.426
1.312
1.310
1.299
1.313
1.329
1.051
1.316
1.305
1.274
1.382
1.334
1.320
1.067
1.329
1.301
1.301
1.085
1.151
1.326
1.311

Sun Jan 17 20:00:01 JST 2021
2.716
1.116
1.300
1.101
1.331
1.450
1.912
1.320
1.139
1.315
1.326
1.142
1.106
1.327
1.313
1.282
2.176
1.188
1.102
1.134
1.308
1.501
1.174
1.270
1.533
1.373
1.340
1.569
1.481
1.535
1.555
1.322
1.288
1.479
1.276
1.355
1.953
1.487
1.334
1.124
1.322
1.100
1.343
1.325
1.313
1.330
1.074
1.320
1.294
1.306
1.278
1.085
1.325
1.095
1.287
1.377
1.315
1.356
1.309
1.321
1.298
1.091
1.300
1.071
1.095
1.064
1.286
1.335
1.283
1.335
1.270
1.291
1.304
1.090
1.328
1.418
1.090
1.058
1.328
1.410
1.298
1.321
1.096
1.319
1.337
1.319
1.306
1.327
1.345
1.299
1.090
1.291
1.286
1.086
1.072
1.298
1.308
1.324
1.074
1.304

Sun Jan 17 22:00:01 JST 2021
3.086
1.322
1.513
1.091
1.328
1.411
1.498
1.375
1.474
1.684
1.476
1.338
1.251
1.527
1.164
1.562
1.571
1.464
1.334
1.236
1.187
1.353
1.376
1.951
1.366
1.329
1.150
1.070
1.348
1.746
1.854
1.559
1.367
1.152
1.196
1.366
1.097
1.094
1.112
1.349
1.358
1.088
1.314
1.458
1.304
1.297
1.383
1.310
1.408
1.332
1.306
1.088
1.094
1.342
1.321
1.325
1.112
1.342
1.096
1.146
1.415
1.322
1.362
1.113
1.321
1.079
1.335
1.147
1.319
1.313
1.598
1.111
1.063
1.115
1.316
1.187
1.123
1.285
1.314
1.106
1.087
1.325
1.134
1.313
1.078
1.082
1.307
1.385
1.125
1.318
1.299
1.383
1.289
1.093
1.303
1.334
1.304
1.318
1.299
1.406

Mon Jan 18 00:00:01 JST 2021
2.862
1.367
1.640
1.341
1.492
1.829
1.349
1.689
1.337
1.276
1.364
1.366
1.462
1.484
1.326
1.366
1.147
1.346
1.542
2.073
1.608
1.261
1.351
1.638
1.550
1.310
1.628
1.345
1.061
1.520
1.483
1.305
1.331
1.803
1.328
1.117
1.086
1.069
1.270
1.300
1.321
1.071
1.321
1.299
1.086
1.077
1.180
1.088
1.322
1.477
1.358
1.353
1.316
1.104
1.293
1.293
1.308
1.345
1.331
1.331
1.294
1.360
1.339
1.405
1.294
1.294
1.366
1.300
1.282
1.085
1.327
1.281
1.085
1.082
1.075
1.320
1.310
1.324
1.284
1.065
1.299
1.276
1.267
1.315
1.302
1.323
1.302
1.066
1.302
1.333
1.192
1.345
1.287
1.293
1.072
1.102
1.087
1.317
1.473
1.310

Mon Jan 18 02:00:01 JST 2021
2.968
1.403
1.569
1.332
1.421
1.320
1.798
1.305
1.386
1.295
1.138
1.220
1.132
1.110
1.673
1.695
1.287
1.941
1.484
1.304
1.360
1.310
1.309
1.062
1.271
1.456
1.684
1.343
1.704
2.088
1.889
1.338
1.313
1.564
1.866
1.144
1.296
1.087
1.297
1.328
1.067
1.351
1.322
1.334
1.410
1.311
1.301
1.085
1.336
1.341
1.095
1.112
1.090
1.335
1.303
3.003
1.122
1.125
1.385
1.299
1.320
1.285
1.310
1.437
1.087
1.349
1.289
1.350
1.081
1.093
1.098
1.121
1.311
1.308
1.342
1.090
1.060
1.337
1.312
1.353
1.097
1.316
1.336
1.331
1.325
1.291
1.350
1.161
1.138
1.342
1.086
1.346
1.307
1.323
1.357
1.089
1.133
1.111
1.332
1.348

Mon Jan 18 04:00:01 JST 2021
3.120
1.646
1.295
1.308
2.065
1.650
1.364
1.068
1.184
1.340
1.382
1.317
1.312
1.326
2.025
1.361
1.191
1.245
1.344
1.493
1.343
1.077
1.523
1.177
1.095
1.522
1.759
1.527
1.072
1.664
1.768
1.309
1.321
1.610
1.789
1.335
1.081
1.076
1.095
1.345
1.337
1.069
1.299
1.123
1.306
1.311
1.337
1.284
1.106
1.080
1.118
1.207
1.320
1.082
1.080
1.336
1.345
1.109
1.294
1.108
1.301
1.111
1.282
1.310
1.333
1.322
1.331
1.290
1.296
1.304
1.371
1.307
1.298
1.309
2.188
1.413
1.327
1.310
1.121
1.079
1.118
1.360
1.312
1.389
1.338
1.321
1.316
1.328
1.292
1.392
1.096
1.322
1.317
1.278
1.364
1.324
1.105
1.391
1.060
1.321

Mon Jan 18 06:00:01 JST 2021
2.615
1.287
1.285
1.338
1.317
1.796
1.656
1.382
1.696
1.457
1.363
1.086
1.786
1.141
1.083
1.602
1.484
1.075
1.441
1.379
1.360
1.289
1.875
1.312
1.285
1.307
1.690
1.408
1.325
1.749
1.556
1.059
1.412
1.315
1.294
1.081
1.076
1.319
1.318
1.116
1.286
1.274
1.327
1.388
1.094
1.061
1.311
1.306
1.290
1.330
1.314
1.306
1.314
1.313
1.329
1.340
1.276
1.285
1.284
1.058
1.326
1.330
1.376
1.297
1.317
1.089
1.320
1.323
1.334
1.310
1.360
1.050
1.071
1.321
1.077
1.317
1.078
1.315
1.316
1.315
1.310
1.296
1.292
1.334
1.311
1.315
1.311
1.308
1.279
1.311
1.076
1.330
1.089
1.069
1.279
1.132
1.316
1.320
1.084
1.310

Mon Jan 18 08:00:01 JST 2021
2.035
1.370
1.110
1.364
1.355
1.076
1.122
1.392
1.899
1.073
1.470
1.207
1.331
1.311
1.774
1.192
1.106
1.386
1.293
1.315
1.361
1.309
1.387
1.303
1.328
1.329
1.676
1.265
1.328
1.309
1.367
1.326
1.383
1.808
1.374
1.360
1.317
1.661
1.471
1.084
1.318
1.413
1.064
1.315
1.103
1.128
1.481
1.332
1.335
1.117
1.343
1.310
1.381
1.297
1.301
1.309
1.306
1.073
1.296
1.294
1.097
1.310
1.386
1.367
1.082
1.307
1.303
1.313
1.354
1.321
1.389
1.303
1.174
1.319
1.299
1.310
1.302
1.295
1.117
1.312
1.271
1.341
1.151
1.319
1.121
1.152
1.104
1.309
1.333
1.486
1.311
1.733
1.314
1.299
1.296
1.296
1.292
1.306
1.282
1.328

Mon Jan 18 10:00:01 JST 2021
1.910
1.130
1.680
1.339
1.295
2.431
1.125
1.361
1.449
1.373
1.303
1.328
1.558
1.830
1.686
1.636
1.412
1.324
1.062
1.473
1.333
1.080
1.408
1.346
1.405
1.718
1.168
1.352
1.426
1.334
1.549
1.347
1.284
1.276
1.702
1.132
1.305
1.298
1.339
1.301
1.328
1.290
1.308
1.305
1.321
1.294
1.084
1.086
1.068
1.055
1.296
1.058
1.276
1.291
1.266
1.309
1.274
1.282
1.077
1.305
1.276
1.280
1.302
1.331
1.351
1.321
1.314
1.073
1.339
1.101
1.109
1.319
1.097
1.096
1.091
1.311
1.337
1.056
1.321
1.282
1.313
1.352
1.287
1.308
1.333
1.347
1.280
1.327
1.090
1.364
1.326
1.354
1.088
1.330
1.086
1.303
1.055
1.340
1.351
1.072

Mon Jan 18 12:00:01 JST 2021
2.870
1.371
1.412
1.302
1.613
1.342
1.050
1.348
1.303
1.209
1.545
1.352
1.680
1.570
1.330
1.834
1.209
1.325
1.328
1.134
1.528
1.439
1.093
1.576
2.011
1.934
1.333
1.103
1.768
1.364
1.109
1.415
1.862
1.101
1.276
1.056
1.062
1.377
1.314
1.113
1.309
1.333
1.493
1.127
1.344
1.301
1.314
1.276
1.099
1.335
1.283
1.328
1.437
1.288
1.292
1.313
1.330
1.329
1.313
1.111
1.088
1.352
1.317
1.077
1.313
1.327
1.080
1.281
1.330
1.322
1.062
1.322
1.276
1.296
1.287
1.038
1.376
1.318
1.323
1.305
1.375
1.288
1.334
1.334
1.358
1.334
1.296
1.112
1.296
1.323
1.294
1.366
1.322
1.064
1.360
1.296
1.063
1.333
1.292
1.329

Mon Jan 18 14:00:01 JST 2021
1.583
1.075
1.315
1.067
1.321
1.326
1.538
1.106
2.020
1.371
1.392
1.437
1.061
1.125
1.180
1.302
1.312
1.492
1.084
1.132
1.099
1.307
1.648
1.906
1.404
1.334
1.069
1.668
1.312
1.325
1.635
1.544
1.079
1.088
1.414
1.321
1.278
1.296
1.276
1.291
1.310
1.355
1.074
1.375
1.360
1.146
1.324
1.076
1.309
1.096
1.312
1.054
2.060
1.336
1.084
1.302
1.044
1.344
1.319
1.318
1.395
1.332
1.387
1.323
1.317
1.325
1.142
1.332
1.307
1.328
1.090
1.352
1.323
1.335
1.292
1.290
1.328
1.090
1.326
1.303
1.314
1.119
1.351
1.316
1.084
1.331
1.110
1.383
1.076
1.359
1.340
1.083
1.351
1.285
1.284
1.300
1.086
1.352
1.330
1.294

Mon Jan 18 16:00:01 JST 2021
1.815
1.132
1.373
1.461
1.082
1.552
2.045
2.115
1.378
1.313
1.435
1.376
1.353
1.505
1.086
1.560
1.735
1.802
1.797
1.309
1.094
1.298
1.875
1.098
1.335
1.998
1.538
1.601
1.137
1.149
1.656
1.751
1.486
1.097
1.444
1.111
1.091
1.193
1.313
1.082
1.306
1.132
1.352
1.317
1.326
1.331
1.338
1.337
1.112
1.365
1.079
1.080
1.342
1.311
1.123
1.082
1.337
1.110
1.087
1.381
1.361
1.347
1.066
1.328
1.389
1.348
1.328
1.307
1.315
1.312
1.083
1.082
1.454
1.291
1.101
1.395
1.326
1.102
1.283
1.329
1.390
1.148
1.350
1.064
1.305
1.314
1.359
1.328
1.339
1.318
1.295
1.307
1.109
1.304
1.103
1.371
1.351
1.311
1.306
1.336

