0.015781164169311523
0.012222766876220703
0.013958930969238281
0.014916181564331055
0.013464927673339844
0.013319015502929688
0.013119220733642578
0.014994144439697266
0.013298988342285156
0.013057708740234375
0.015056848526000977
0.016920804977416992
0.015644073486328125
0.01444697380065918
0.014763116836547852
0.014902114868164062
0.015503883361816406
0.014989852905273438
0.015892982482910156
0.01608419418334961

0.011956930160522461
0.012131690979003906
0.01222085952758789
0.012089967727661133
0.012293815612792969
0.012182950973510742
0.012282848358154297
0.012202978134155273
0.012099027633666992
0.01221776008605957
0.012265920639038086
0.012160062789916992
0.012141227722167969
0.012324094772338867
0.012282133102416992
0.012066841125488281
0.012208223342895508
0.012112140655517578
0.012070894241333008
0.012945175170898438

0.012287139892578125
0.012470722198486328
0.012266159057617188
0.012166023254394531
0.012415885925292969
0.012284040451049805
0.016325712203979492
0.013000965118408203
0.012132883071899414
0.012432098388671875
0.012356281280517578
0.012315750122070312
0.012202978134155273
0.012362957000732422
0.012033939361572266
0.012140035629272461
0.01218104362487793
0.012183904647827148
0.012104988098144531
0.012765884399414062

0.012183666229248047
0.012139081954956055
0.012159109115600586
0.012190818786621094
0.011983156204223633
0.012326955795288086
0.012068986892700195
0.012054920196533203
0.012169837951660156
0.014920949935913086
0.012077093124389648
0.01220393180847168
0.012143850326538086
0.01213693618774414
0.012186288833618164
0.012048959732055664
0.012199878692626953
0.012168169021606445
0.012012958526611328
0.012269020080566406

0.012166023254394531
0.01211404800415039
0.012186288833618164
0.015874147415161133
0.01225590705871582
0.012269020080566406
0.012735843658447266
0.012193679809570312
0.012300729751586914
0.012324094772338867
0.012352943420410156
0.012361288070678711
0.012246131896972656
0.01231074333190918
0.012377023696899414
0.01258230209350586
0.01213693618774414
0.01235198974609375
0.012201070785522461
0.012323141098022461

0.012118101119995117
0.013835668563842773
0.016543865203857422
0.013535022735595703
0.01479196548461914
0.011958122253417969
0.012234210968017578
0.014965057373046875
0.014969825744628906
0.01205301284790039
0.015220165252685547
0.014797687530517578
0.012547016143798828
0.01509404182434082
0.013293027877807617
0.012061119079589844
0.01202702522277832
0.012750864028930664
0.014925956726074219
0.012295007705688477

0.012167215347290039
0.015443086624145508
0.012198925018310547
0.015069007873535156
0.012315750122070312
0.01218104362487793
0.014766931533813477
0.01209712028503418
0.012251853942871094
0.015077829360961914
0.013335943222045898
0.012542009353637695
0.013144969940185547
0.012299060821533203
0.01223301887512207
0.01233816146850586
0.012126922607421875
0.01214599609375
0.013101816177368164
0.012319803237915039

0.012216806411743164
0.01215219497680664
0.012260913848876953
0.012452125549316406
0.015359878540039062
0.012237787246704102
0.012101173400878906
0.012329339981079102
0.01227426528930664
0.012247800827026367
0.012783050537109375
0.012675046920776367
0.012291669845581055
0.01211690902709961
0.012305259704589844
0.012156963348388672
0.012173891067504883
0.01213383674621582
0.012174129486083984
0.012243032455444336

0.012141942977905273
0.012273311614990234
0.01230001449584961
0.012234926223754883
0.012114286422729492
0.012262105941772461
0.012241840362548828
0.012473821640014648
0.012228727340698242
0.012162923812866211
0.012392759323120117
0.012181997299194336
0.012199163436889648
0.011989116668701172
0.012248992919921875
0.012240886688232422
0.012305974960327148
0.012191057205200195
0.01217198371887207
0.01221609115600586

0.012172222137451172
0.012169837951660156
0.014896869659423828
0.012248039245605469
0.012238025665283203
0.03148317337036133
0.012156963348388672
0.012291908264160156
0.012330293655395508
0.012410163879394531
0.015150785446166992
0.012334108352661133
0.01212000846862793
0.012188911437988281
0.012757062911987305
0.012316226959228516
0.012186050415039062
0.012656211853027344
0.012121200561523438
0.012227058410644531

0.012108087539672852
0.014861106872558594
0.013287067413330078
0.012252092361450195
0.012894392013549805
0.013078927993774414
0.013437986373901367
0.013070106506347656
0.013206958770751953
0.013108968734741211
0.01240992546081543
0.014054059982299805
0.014940738677978516
0.015172958374023438
0.013628959655761719
0.011995315551757812
0.013277053833007812
0.012046098709106445
0.016172170639038086
0.012110710144042969

0.01195979118347168
0.012161970138549805
0.011961221694946289
0.015025138854980469
0.012012004852294922
0.012160062789916992
0.012087106704711914
0.012144088745117188
0.012099027633666992
0.013474702835083008
0.012210845947265625
0.0149078369140625
0.01241922378540039
0.012678861618041992
0.014939069747924805
0.012223005294799805
0.012068033218383789
0.012116193771362305
0.015052080154418945
0.012177228927612305

0.012159109115600586
0.012067794799804688
0.012089967727661133
0.01192784309387207
0.01209402084350586
0.012265920639038086
0.011970043182373047
0.012236833572387695
0.012107133865356445
0.012080907821655273
0.01204991340637207
0.01219487190246582
0.012315988540649414
0.012116193771362305
0.012174129486083984
0.012078046798706055
0.012169122695922852
0.01203298568725586
0.01201772689819336
0.011986970901489258

0.014651775360107422
0.01237797737121582
0.012379169464111328
0.012244939804077148
0.012140989303588867
0.012662649154663086
0.012138128280639648
0.012122154235839844
0.012235879898071289
0.012194156646728516
0.012261152267456055
0.012125968933105469
0.012138128280639648
0.012327909469604492
0.015187740325927734
0.012096881866455078
0.01208186149597168
0.012294769287109375
0.012179136276245117
0.012458086013793945

0.012243986129760742
0.01215815544128418
0.011949777603149414
0.014655828475952148
0.01209712028503418
0.01202392578125
0.012169122695922852
0.012133121490478516
0.011992931365966797
0.012290000915527344
0.013077020645141602
0.012209892272949219
0.012154340744018555
0.013768911361694336
0.01217794418334961
0.012119054794311523
0.012242317199707031
0.012120962142944336
0.012210845947265625
0.012125015258789062

0.01254892349243164
0.012753009796142578
0.016509294509887695
0.017699241638183594
0.017003774642944336
0.013664960861206055
0.015980005264282227
0.016412973403930664
0.01495504379272461
0.014769792556762695
0.013607978820800781
0.016607999801635742
0.01577901840209961
0.012400150299072266
0.012526988983154297
0.015310049057006836
0.013450860977172852
0.015434980392456055
0.015115737915039062
0.015020132064819336

0.012094974517822266
0.012174844741821289
0.012167215347290039
0.012158870697021484
0.01207280158996582
0.012570858001708984
0.01282191276550293
0.01209878921508789
0.012209892272949219
0.01231694221496582
0.012140035629272461
0.012365102767944336
0.012208938598632812
0.012072086334228516
0.012042999267578125
0.012168169021606445
0.012501955032348633
0.01225590705871582
0.01222991943359375
0.012192964553833008

0.01212310791015625
0.01221919059753418
0.012038946151733398
0.01232600212097168
0.012367963790893555
0.012341022491455078
0.013158798217773438
0.012140989303588867
0.012069940567016602
0.012434959411621094
0.012240886688232422
0.012118101119995117
0.012353897094726562
0.012177228927612305
0.012058019638061523
0.01226496696472168
0.012314796447753906
0.012144804000854492
0.012019872665405273
0.012158870697021484

0.012181997299194336
0.012212991714477539
0.012312889099121094
0.012122154235839844
0.012540102005004883
0.01217198371887207
0.012245893478393555
0.012034177780151367
0.02268385887145996
0.012103080749511719
0.012340068817138672
0.01235508918762207
0.012360334396362305
0.012223005294799805
0.012138128280639648
0.012223005294799805
0.012192010879516602
0.013067007064819336
0.012215137481689453
0.012127161026000977

0.01235818862915039
0.022848129272460938
0.012212276458740234
0.01221609115600586
0.012438058853149414
0.012272834777832031
0.012115955352783203
0.01230311393737793
0.012280702590942383
0.012178182601928711
0.012210369110107422
0.012172222137451172
0.012994050979614258
0.012096166610717773
0.01221776008605957
0.012073040008544922
0.013306140899658203
0.012152910232543945
0.012186050415039062
0.012148857116699219

