0.371162
0.375891
0.419023
0.406300
0.386893
0.453461
0.407175
0.402341
0.440302
0.396096
0.385736
0.489205
0.384788
0.368081
0.424140
0.373979
0.370699
0.412944
0.369215
0.380799
0.375100
0.410180
0.424188
0.442139
0.412420
0.377504
0.369853
0.418526
0.369914
0.369186
0.409548
0.371040
0.374443
0.410077
0.369415
0.381022
0.461925
0.465568
0.373840
0.415670
0.374049
0.367887
0.370535
0.415494
0.368436
0.368188
0.409518
0.370098
0.368004
0.412016
0.375481
0.367958
0.410597
0.366184
0.370606
0.464143
0.417489
0.444239
0.420922
0.412639
0.375691
0.417942
0.377165
0.379216
0.370873
0.415388
0.369615
0.367826
0.411653
0.366089
0.363769
0.415132
0.374605
0.365796
0.409847
0.379264
0.365463
0.410230
0.374818
0.368635
0.423508
0.369177
0.363916
0.432028
0.363950
0.365116
0.368441
0.404336
0.413731
0.398566
0.411167
0.364768
0.365400
0.407420
0.366078
0.374256
0.416464
0.365781
0.367452
