0.349476
0.264006
0.233499
0.256067
0.225594
0.223898
0.222859
0.262922
0.228110
0.224340
0.223411
0.222500
0.225055
0.266260
0.223833
0.246899
0.253708
0.260104
0.259468
0.332679
0.250689
0.258318
0.302787
0.227105
0.226033
0.229972
0.264541
0.238149
0.224159
0.239927
0.223050
0.222366
0.265780
0.271241
0.251553
0.291096
0.228540
0.249214
0.275840
0.232015
0.229366
0.227580
0.226352
0.228393
0.228238
0.267248
0.230337
0.228289
0.227595
0.227821
0.224893
0.274992
0.227190
0.226708
0.226962
0.230953
0.227836
0.271531
0.224060
0.225654
0.228573
0.227343
0.229031
0.233447
0.267542
0.239938
0.232748
0.285901
0.236116
0.227968
0.293524
0.236915
0.244298
0.261959
0.226518
0.239115
0.269313
0.262204
0.239692
0.229774
0.233289
0.227801
0.226164
0.282478
0.230554
0.270082
0.248895
0.346956
0.276028
0.285146
0.308134
0.224002
0.232998
0.247729
0.231587
0.294857
0.233001
0.222248
0.235313
