0.305447
0.297568
0.300175
0.341209
0.299982
0.297951
0.296508
0.342079
0.298163
0.300544
0.297509
0.306030
0.389093
0.390773
0.303906
0.308358
0.392177
0.381250
0.298616
0.301868
0.342418
0.304512
0.302769
0.295351
0.341519
0.297977
0.298545
0.299540
0.339234
0.304330
0.299199
0.296287
0.339258
0.296574
0.297752
0.296489
0.295657
0.336792
0.295274
0.298680
0.297267
0.343915
0.296565
0.302516
0.300035
0.339554
0.298242
0.308385
0.311339
0.337897
0.294208
0.296417
0.297318
0.339647
0.295151
0.297393
0.298057
0.346146
0.304895
0.294762
0.295020
0.520400
0.432581
0.368063
0.344179
0.348212
0.369783
0.303941
0.303639
0.304441
0.344218
0.309626
0.303093
0.305747
0.351025
0.311440
0.323313
0.301277
0.351971
0.305680
0.304977
0.304355
0.345203
0.303347
0.310278
0.300985
0.402829
0.305184
0.305909
0.304623
0.303096
0.346597
0.301974
0.306392
0.303368
0.343581
0.305569
0.312988
0.301917
