0.201017
0.184935
0.188025
0.159496
0.164290
0.223267
0.188522
0.187248
0.171795
0.194411
0.161703
0.173703
0.170867
0.168575
0.166336
0.151784
0.157433
0.153744
0.152783
0.191832
0.152681
0.156251
0.154234
0.156295
0.150888
0.152603
0.152735
0.151191
0.151625
0.154475
0.152965
0.151135
0.191696
0.152385
0.161350
0.151488
0.151792
0.151734
0.152101
0.151183
0.153103
0.152370
0.152386
0.153719
0.153356
0.193434
0.156547
0.152677
0.150767
0.155997
0.153052
0.151980
0.159169
0.151008
0.151320
0.151359
0.153906
0.152925
0.154263
0.196324
0.152558
0.150555
0.153592
0.152496
0.150955
0.153289
0.153302
0.151379
0.169667
0.172546
0.169360
0.174554
0.210321
0.168720
0.228984
0.157294
0.165776
0.187185
0.170144
0.164271
0.218553
0.153504
0.159385
0.151339
0.153280
0.194838
0.154134
0.159513
0.154774
0.153330
0.171258
0.176085
0.174755
0.197361
0.185557
0.479505
0.176900
0.165214
0.454126
