0.008835
0.011634
0.009525
0.009747
0.008892
0.008930
0.008644
0.008830
0.009260
0.012446
0.009220
0.008764
0.008597
0.009173
0.009217
0.009321
0.009331
0.009280
0.009221
0.009073
0.009693
0.008836
0.009372
0.009042
0.008806
0.009035
0.009144
0.009834
0.009410
0.008743
0.009058
0.008710
0.009953
0.012612
0.014430
0.012308
0.010369
0.011790
0.010931
0.013454
0.009338
0.013868
0.010188
0.011450
0.010554
0.008617
0.010855
0.012551
0.008836
0.012988
0.012113
0.010108
0.011250
0.010739
0.008762
0.010260
0.011645
0.009528
0.009081
0.009798
0.014758
0.017756
0.008956
0.009309
0.010622
0.009069
0.009551
0.009074
0.010134
0.011020
0.010090
0.008679
0.009195
0.010846
0.009227
0.009533
0.011523
0.010265
0.012879
0.010386
0.009283
0.010341
0.010583
0.009620
0.010891
0.009929
0.008957
0.011153
0.009875
0.009213
0.009209
0.008653
0.010253
0.016531
0.018064
0.014017
0.009308
0.008513
0.011804
