0.370499
0.405668
0.469374
0.488476
0.429925
0.567720
0.384868
0.381771
0.483566
0.378638
0.370347
0.423356
0.373028
0.377858
0.376293
0.410595
0.374216
0.381315
0.413383
0.374193
0.375083
0.426190
0.375750
0.375926
0.418860
0.373581
0.375120
0.421200
0.380625
0.366824
0.416968
0.368073
0.368268
0.418701
0.366602
0.375599
0.379238
0.418552
0.375984
0.398677
0.462373
0.484241
0.379916
0.419942
0.427618
0.432129
0.465513
0.417712
0.418599
0.423913
0.421549
0.420613
0.806651
0.669370
0.549628
0.661652
0.424682
0.508326
0.412720
0.417122
0.372909
0.380512
0.419919
0.383643
0.378750
0.437900
0.456649
0.466269
0.493566
0.452049
0.384600
0.423145
0.386886
0.380043
0.426549
0.390220
0.379292
0.426615
0.377030
0.380273
0.379848
0.421913
0.378522
0.387235
0.423442
0.381518
0.384119
0.424877
0.380340
0.383059
0.432045
0.383772
0.381248
0.424639
0.382774
0.380107
0.423329
0.380736
0.383357
