0.490145
0.487323
0.462329
0.527786
0.550212
0.507124
0.621227
0.546523
1.127242
0.537438
0.573410
0.585548
0.553992
0.812353
0.494984
0.594099
0.698356
0.473935
0.516611
0.535305
0.472673
0.545025
0.557721
0.460654
0.452811
0.498660
0.472875
0.437733
0.436281
0.483432
0.441959
0.442818
0.477775
0.449495
0.435437
0.527506
0.473244
0.450785
0.499194
0.501628
0.451638
0.545107
0.498487
0.454391
0.547812
0.475929
0.480163
0.512511
0.448006
0.449255
0.440534
0.508971
0.436803
0.436635
0.480109
0.433131
0.426887
0.481031
0.455482
0.441059
0.484063
0.436608
0.439792
0.501216
0.479524
0.441661
0.482836
0.442900
0.472364
0.504385
0.437363
0.445423
0.442628
0.545470
0.522921
0.745013
0.809080
0.536518
0.455242
0.523170
0.454525
0.763088
0.551358
0.565389
0.578813
0.548305
0.451250
0.446162
0.621077
0.446612
0.423795
0.464697
0.419075
0.425302
0.416262
0.460730
0.408365
0.406716
0.457644
