0.390966
0.444663
0.469865
0.435830
0.589579
0.426099
0.403440
0.438817
0.395995
0.395629
0.439464
0.397215
0.397199
0.446016
0.458459
0.456477
0.426688
0.434559
0.391403
0.397594
0.461802
0.393384
0.387778
0.431476
0.444377
0.510733
0.444711
0.440645
0.466962
0.443693
0.389108
0.392140
0.434750
0.397108
0.392081
0.435178
0.393045
0.390878
0.393906
0.430146
0.395684
0.390963
0.434910
0.389141
0.392892
0.431078
0.390243
0.393334
0.459657
0.394493
0.393668
0.437212
0.388876
0.394040
0.437342
0.401640
0.442899
0.441884
0.390775
0.392785
0.394924
0.429319
0.399088
0.395985
0.432665
0.393596
0.392508
0.434152
0.388388
0.398475
0.436700
0.394792
0.392907
0.439287
0.391498
0.443764
0.447108
0.397478
0.397793
0.445033
0.416274
0.403329
0.401252
0.472378
0.393195
0.407545
0.461251
0.391780
0.391213
0.433116
0.390406
0.389156
0.450395
0.388243
0.386555
0.434704
0.384800
0.392900
0.447351
