0.378742
0.464477
0.448239
0.478623
0.397316
0.437460
0.427750
0.438496
0.628523
0.422929
0.465855
0.432769
0.388335
0.387794
0.423400
0.382932
0.387978
0.427478
0.387015
0.383517
0.438162
0.381378
0.384280
0.426589
0.379934
0.380424
0.384664
0.426690
0.384813
0.380252
0.416008
0.379686
0.382899
0.424279
0.380953
0.382866
0.428314
0.378392
0.385039
0.424902
0.376221
0.379402
0.436037
0.383816
0.382223
0.427662
0.378992
0.383646
0.387833
0.427447
0.381025
0.384754
0.423360
0.383720
0.382390
0.425462
0.383114
0.385900
0.438614
0.384909
0.381857
0.461064
0.416783
0.475604
0.469836
0.475638
0.391983
0.431044
0.379293
0.450463
0.443107
0.472375
0.395895
0.379683
0.425651
0.386276
0.405328
0.425303
0.393916
0.379950
0.443814
0.418225
0.377122
0.431287
0.384246
0.389214
0.427869
0.384390
0.384015
0.430122
0.387751
0.385883
0.390170
0.424538
0.384147
0.387946
0.425074
0.385087
0.387404
