0.456488
0.510254
0.567179
0.466849
0.421588
0.464704
0.489178
0.500980
1.269315
0.496890
0.463527
0.457869
0.499768
0.446685
0.690327
0.646508
0.418014
0.457788
0.455443
0.498882
0.484140
0.627492
0.465889
0.429731
0.475610
0.650981
0.456481
0.447362
0.529874
0.500631
0.438199
0.546724
0.420027
0.420442
0.539937
0.423866
0.486379
0.508518
0.412330
0.420554
0.512697
0.640085
0.422037
0.520882
0.629418
0.464200
0.445139
0.466033
0.422844
0.420599
0.466025
0.432885
0.426318
0.558498
0.534245
0.414637
0.473669
0.416882
0.417990
0.464552
0.421299
0.414955
0.427928
0.459599
0.471132
0.471957
0.509256
0.476473
0.740479
0.454533
0.426164
0.676229
0.513069
0.468184
0.444429
0.741910
0.523873
0.438132
0.462137
0.433820
0.421739
0.470166
0.412413
0.430718
0.426172
0.751985
0.481363
0.496231
0.648337
0.485049
0.565096
0.463028
0.455217
0.542109
1.048170
0.684170
0.435497
0.479186
0.438724
