0.006495952606201172
0.007859945297241211
0.0065920352935791016
0.007182121276855469
0.006886005401611328
0.007246732711791992
0.00694584846496582
0.006939888000488281
0.006763935089111328
0.00724482536315918
0.006661891937255859
0.007230043411254883
0.0077419281005859375
0.006928205490112305
0.007411003112792969
0.007093906402587891
0.006639957427978516
0.006494998931884766
0.0066030025482177734
0.006781101226806641

0.011888980865478516
0.011795759201049805
0.011788129806518555
0.011682987213134766
0.012101888656616211
0.011703014373779297
0.011523246765136719
0.011564016342163086
0.011567831039428711
0.012322187423706055
0.0114898681640625
0.011528968811035156
0.011614799499511719
0.011662960052490234
0.011864185333251953
0.011752128601074219
0.011545181274414062
0.011404037475585938
0.011553049087524414
0.011573076248168945

0.017648935317993164
0.016845703125
0.01687908172607422
0.020215988159179688
0.016494035720825195
0.01676201820373535
0.016672611236572266
0.01656508445739746
0.016746997833251953
0.0164642333984375
0.016856908798217773
0.016613245010375977
0.01676797866821289
0.016666889190673828
0.016824007034301758
0.016810894012451172
0.016499042510986328
0.01681685447692871
0.016576051712036133
0.016628026962280273

0.021741151809692383
0.02165818214416504
0.02275705337524414
0.022265195846557617
0.02166008949279785
0.021785974502563477
0.02122187614440918
0.021600961685180664
0.02209019660949707
0.021855831146240234
0.02150416374206543
0.02164316177368164
0.021731853485107422
0.021523237228393555
0.021222829818725586
0.021505117416381836
0.021620988845825195
0.02147197723388672
0.021349191665649414
0.021884918212890625

0.02714085578918457
0.026486873626708984
0.026411056518554688
0.02649664878845215
0.026594877243041992
0.026768922805786133
0.02652907371520996
0.0260927677154541
0.026430845260620117
0.02635812759399414
0.026243925094604492
0.026385068893432617
0.026414871215820312
0.026710033416748047
0.026422977447509766
0.026329994201660156
0.027019023895263672
0.0268099308013916
0.028645753860473633
0.026762962341308594

0.031693220138549805
0.03161025047302246
0.03125309944152832
0.030785083770751953
0.030923128128051758
0.031105995178222656
0.031105995178222656
0.03180718421936035
0.031881093978881836
0.0312650203704834
0.031131744384765625
0.031008005142211914
0.031672000885009766
0.03140687942504883
0.030788898468017578
0.031132221221923828
0.031785011291503906
0.03149986267089844
0.03154492378234863
0.0314030647277832

0.03642129898071289
0.0360720157623291
0.03585100173950195
0.03541994094848633
0.035951852798461914
0.036242008209228516
0.035569190979003906
0.03613996505737305
0.03597378730773926
0.03560614585876465
0.0356447696685791
0.03543972969055176
0.03553891181945801
0.03565192222595215
0.03603100776672363
0.03591489791870117
0.035951852798461914
0.03585982322692871
0.03621983528137207
0.03586411476135254

0.04128623008728027
0.04007601737976074
0.04219794273376465
0.04085493087768555
0.04865837097167969
0.04085397720336914
0.04086184501647949
0.041265249252319336
0.040673017501831055
0.040354013442993164
0.040307044982910156
0.04117393493652344
0.04039502143859863
0.04009389877319336
0.04111289978027344
0.04015612602233887
0.040511131286621094
0.04072904586791992
0.04016733169555664
0.04090690612792969

0.04727816581726074
0.045581817626953125
0.045198917388916016
0.045716047286987305
0.04547691345214844
0.04554009437561035
0.04524803161621094
0.04575181007385254
0.04525399208068848
0.04537081718444824
0.04564404487609863
0.04555487632751465
0.045881032943725586
0.045368194580078125
0.046257972717285156
0.04530596733093262
0.04838681221008301
0.04542374610900879
0.0454409122467041
0.04530215263366699

0.05150103569030762
0.050714969635009766
0.05038022994995117
0.05087709426879883
0.05024099349975586
0.05035996437072754
0.0504460334777832
0.05013084411621094
0.04985332489013672
0.05006694793701172
0.05006909370422363
0.05067086219787598
0.050009965896606445
0.05006003379821777
0.05008292198181152
0.05022096633911133
0.04996895790100098
0.05065608024597168
0.05031108856201172
0.050417184829711914

