20UPGM20030001
0.8647854328155518
0.47200846672058105
0.581932544708252
0.399975061416626
0.38576626777648926
0.45018839836120605
0.5118372440338135
0.0074176788330078125
3.6815543174743652

20UPGM20030024
0.4939718246459961
0.4561123847961426
0.5823419094085693
0.387298583984375
0.5341076850891113
0.3951692581176758
0.4922940731048584
0.001554250717163086
3.347043752670288

20UPGM20030022
0.6579315662384033
0.49947381019592285
0.6733386516571045
0.4464857578277588
0.6557416915893555
0.4501502513885498
0.4133572578430176
0.001458883285522461
3.801769971847534

20UPGM20030006
0.40213966369628906
0.4818110466003418
0.5364117622375488
0.43884730339050293
0.5844740867614746
0.6171426773071289
0.5303554534912109
0.0015003681182861328
3.5971710681915283

20UPGM20030003
0.6168785095214844
0.8439023494720459
0.7506871223449707
0.4936971664428711
1.5361132621765137
0.5933525562286377
1.091658115386963
0.0015726089477539062
5.932213544845581

20UPGM20030004
0.5456335544586182
0.5213954448699951
0.5496854782104492
0.605797290802002
0.5824253559112549
0.580028772354126
0.400846004486084
0.0015070438385009766
3.793665885925293

