0.9902739524841309
0.6778111457824707
0.7516293525695801
1.0814592838287354
0.6582775115966797
0.9633586406707764
0.6818943023681641
0.7607409954071045
1.1104543209075928
0.6925570964813232
0.7211508750915527
0.7520809173583984
1.0125913619995117
0.7173526287078857
0.6781740188598633
0.7426202297210693
0.9309647083282471
0.7237496376037598
0.7449839115142822
0.6509232521057129
0.9500746726989746
0.6864454746246338
0.7080090045928955
0.6976778507232666
0.8210902214050293
1.1511175632476807
0.6981706619262695
0.6903953552246094
0.6886565685272217
0.7197651863098145
