1.045076847076416
0.845252513885498
0.8423130512237549
0.8594386577606201
0.8589122295379639
0.8911430835723877
0.8383951187133789
0.7995562553405762
0.8595871925354004
0.8408246040344238
0.889880895614624
0.6176300048828125
0.8354415893554688
0.8409998416900635
0.9061517715454102
0.8841953277587891
0.8224868774414062
0.6009092330932617
0.8413443565368652
0.9401006698608398
0.699774980545044
0.5774111747741699
0.6213150024414062
0.8692343235015869
0.8522675037384033
0.7981686592102051
0.7128677368164062
0.8480923175811768
0.6159155368804932
0.7769770622253418
