0.2002551555633545
0.18462848663330078
0.17347383499145508
0.17008638381958008
0.20990324020385742
0.22181129455566406
0.1868443489074707
0.1747133731842041
0.1632552146911621
0.16141891479492188
0.16329026222229004
0.202880859375
0.18105387687683105
0.19169187545776367
0.22166132926940918
0.19866561889648438
0.21008944511413574
0.1738874912261963
0.17466378211975098
0.19185090065002441
0.20546293258666992
0.16968417167663574
0.20259761810302734
0.18789935111999512
0.2076249122619629
0.200209379196167
0.2871243953704834
0.19669413566589355
0.17059683799743652
0.16842103004455566
