2.302286386489868
3.087219715118408
3.5299863815307617
4.768813371658325
4.80950927734375
7.760427236557007
 
1.7816107273101807
2.526317834854126
3.0920345783233643
3.8204240798950195
4.038931369781494
6.780550718307495
 
2.079986572265625
2.9888689517974854
3.12113881111145
3.6799755096435547
4.1984169483184814
6.75122332572937
 
2.0793654918670654
2.7793285846710205
3.479618549346924
3.769664764404297
3.8502721786499023
6.781585931777954
 
1.7884318828582764
2.6421186923980713
3.047346591949463
4.43563175201416
5.211964845657349
8.502546548843384
 
2.110194683074951
2.7500836849212646
3.0691158771514893
3.8808069229125977
4.369182348251343
6.697807550430298
 
2.011411666870117
2.7788586616516113
3.1211533546447754
3.6410739421844482
4.060961961746216
6.908654451370239
 
2.0793519020080566
3.0307977199554443
3.3251781463623047
4.033198833465576
4.200311183929443
6.801235914230347
 
2.7702555656433105
2.929703712463379
3.421060085296631
3.919110059738159
4.740342855453491
6.617574453353882
 
2.259922504425049
2.784729242324829
3.360290765762329
3.81630277633667
4.469724655151367
8.056246280670166
 
2.8336124420166016
2.8305790424346924
3.1497414112091064
3.709695816040039
4.090863466262817
6.650749444961548
 
2.0273983478546143
3.0000531673431396
3.3410205841064453
3.8785645961761475
4.371477365493774
6.809128284454346
 
2.1303586959838867
2.809502601623535
3.1352407932281494
4.019120216369629
4.036830902099609
6.60792875289917
 
1.7412776947021484
2.7384583950042725
3.341017723083496
3.800435781478882
3.832526922225952
6.556647300720215
 
2.039475917816162
2.8979032039642334
3.3916049003601074
3.8583366870880127
4.0823516845703125
6.939411878585815
 
2.1017847061157227
2.5934925079345703
3.2347187995910645
3.855759382247925
3.993772268295288
6.689977407455444
 
2.0712456703186035
3.891174554824829
3.927493095397949
4.269716739654541
5.032936096191406
7.2770280838012695
 
1.7521238327026367
2.3081202507019043
3.1595442295074463
3.851224660873413
4.269811391830444
6.579510688781738
 
2.219322681427002
2.8372955322265625
3.1861941814422607
3.7466278076171875
3.9393558502197266
6.53153133392334
 
2.0485432147979736
2.7888898849487305
3.1027121543884277
3.767679452896118
4.202404975891113
6.548776865005493
 
2.1285157203674316
2.718548536300659
3.302902936935425
3.664212703704834
3.845743417739868
6.98059606552124
 
1.7512726783752441
2.9064035415649414
3.34012508392334
4.401519298553467
5.050635576248169
6.997644424438477
 
1.7751286029815674
2.5780601501464844
3.0980100631713867
3.816901445388794
4.101689577102661
6.711394786834717
 
2.059884548187256
2.808300018310547
3.491307020187378
3.690159559249878
3.8275773525238037
6.8628621101379395
 
2.208038568496704
2.7404990196228027
3.0696375370025635
3.7298483848571777
4.0208985805511475
7.140915155410767
 
1.7696747779846191
2.8574278354644775
3.3516457080841064
3.760169267654419
4.050131797790527
6.559715032577515
 
2.0259103775024414
2.783168315887451
3.3507649898529053
3.6548757553100586
4.635158538818359
8.321756362915039
 
2.4217586517333984
3.166144371032715
3.2389495372772217
4.021335124969482
4.150097131729126
6.657808780670166
 
2.2404415607452393
2.830226421356201
3.319955587387085
3.849349021911621
4.100237846374512
6.7406392097473145
 
2.1382062435150146
2.861365556716919
3.2206013202667236
3.8686776161193848
4.280564069747925
6.869619131088257
 
