1.3973889350891113
1.5380859375
1.52913236618042
1.632108211517334
1.8468842506408691
 
1.1622040271759033
1.3236050605773926
1.501417636871338
1.6788954734802246
1.8739945888519287
 
1.1144206523895264
1.1887016296386719
1.2796790599822998
1.4837141036987305
1.7183594703674316
 
0.9737370014190674
1.2607955932617188
1.3660807609558105
1.7071201801300049
1.8752477169036865
 
1.1009154319763184
1.2103192806243896
1.5469481945037842
1.6737260818481445
1.8689589500427246
 
1.152583360671997
1.5764458179473877
2.0485270023345947
2.436429023742676
2.6371898651123047
 
1.794600486755371
2.186253070831299
2.0748140811920166
1.9284613132476807
1.8800370693206787
 
1.199779748916626
1.350365161895752
1.4974682331085205
1.6387882232666016
1.8886065483093262
 
1.1426162719726562
1.321709156036377
1.3147249221801758
1.6419916152954102
1.8470408916473389
 
1.4555211067199707
1.4471697807312012
1.7145066261291504
1.6548383235931396
1.8140602111816406
 
1.2158148288726807
1.2247436046600342
1.2471034526824951
1.4156556129455566
1.9252264499664307
 
1.4707567691802979
1.504561185836792
1.5979278087615967
1.6604115962982178
1.8158526420593262
 
1.1337554454803467
1.2346527576446533
1.4444303512573242
2.060192584991455
1.8858184814453125
 
0.9972553253173828
1.2362549304962158
1.451547384262085
1.6481342315673828
1.908952236175537
 
1.2116947174072266
1.211829662322998
1.5504047870635986
1.6808781623840332
1.7977697849273682
 
1.128159523010254
1.2785909175872803
1.3622722625732422
1.6142604351043701
1.782907485961914
 
1.0057437419891357
1.3208956718444824
1.4845011234283447
1.7202622890472412
1.8647429943084717
 
1.4624440670013428
1.5201587677001953
1.6413631439208984
1.6704738140106201
1.8546342849731445
 
1.1643524169921875
1.2267825603485107
1.286203384399414
1.451535940170288
1.8200619220733643
 
1.2593908309936523
1.2426295280456543
1.3309645652770996
1.7253494262695312
1.799851894378662
 
1.8932437896728516
1.6350581645965576
1.5987496376037598
2.429532289505005
2.503790855407715
 
1.7186439037322998
1.9309031963348389
2.0926146507263184
2.5217032432556152
2.043147563934326
 
1.0525376796722412
1.277808666229248
1.3150184154510498
1.6772027015686035
1.9042181968688965
 
1.1077048778533936
1.259751319885254
1.393956184387207
1.6420114040374756
1.8092615604400635
 
1.158571481704712
1.2498421669006348
1.5517029762268066
1.6649894714355469
1.8835079669952393
 
1.2358102798461914
1.2009129524230957
1.286207675933838
1.4350783824920654
1.8386194705963135
 
1.13681960105896
1.2337486743927002
1.4362072944641113
1.6630096435546875
1.858269453048706
 
1.214643955230713
1.5401694774627686
1.5862650871276855
1.6531548500061035
1.8634705543518066
 
1.1574044227600098
1.274843692779541
1.435701608657837
1.6219482421875
1.898528814315796
 
1.1739475727081299
1.4818334579467773
1.5577185153961182
1.6812150478363037
1.8256912231445312
 
