2.70637583732605
2.7223198413848877
3.8404037952423096
4.031458616256714
4.158011436462402
 
2.329216241836548
3.066244125366211
3.6233913898468018
4.0497658252716064
4.031163215637207
 
2.0400736331939697
3.0586326122283936
3.5327086448669434
3.5282440185546875
3.7995917797088623
 
2.0876784324645996
3.091763496398926
3.4003162384033203
3.710231065750122
3.848783254623413
 
2.3001458644866943
2.8406922817230225
3.3698997497558594
3.8591413497924805
3.896597146987915
 
2.312802314758301
3.341395854949951
3.358435869216919
3.74990177154541
3.7918856143951416
 
2.389707088470459
3.2391769886016846
4.176853656768799
4.153928279876709
4.042193651199341
 
2.066655397415161
3.2914280891418457
3.3788228034973145
3.7101409435272217
4.154398679733276
 
2.5249884128570557
2.8356847763061523
3.654508352279663
3.6695170402526855
3.861182689666748
 
2.0189006328582764
2.8600423336029053
3.664820671081543
3.8647964000701904
3.5602798461914062
 
2.170797348022461
3.0299367904663086
3.6182634830474854
3.4605727195739746
3.8004531860351562
 
2.091399669647217
3.088054895401001
3.369539737701416
3.79120135307312
3.97910475730896
 
2.3287365436553955
3.091697931289673
3.728710651397705
3.7012522220611572
3.8497064113616943
 
2.079286813735962
3.119493246078491
3.822288751602173
4.259124755859375
4.500119686126709
 
2.5585458278656006
3.1101295948028564
3.4098498821258545
3.7793452739715576
3.6825125217437744
 
2.2857158184051514
3.0522539615631104
3.670337677001953
3.690053701400757
4.01042914390564
 
2.0914554595947266
3.0874180793762207
3.299727201461792
3.4503285884857178
3.940910577774048
 
2.099668264389038
2.81986665725708
3.4592278003692627
3.6907780170440674
3.722891330718994
 
2.5373802185058594
3.031348943710327
3.4033617973327637
3.5329394340515137
3.6317672729492188
 
2.100578546524048
2.8987624645233154
3.629014730453491
3.6824586391448975
4.068943023681641
 
3.518393039703369
3.099480152130127
3.670961380004883
4.400342226028442
4.351146936416626
 
2.689164161682129
3.1685404777526855
3.6709253787994385
3.4839837551116943
3.6765096187591553
 
2.8302676677703857
3.1784796714782715
3.1608760356903076
3.46003794670105
3.637282133102417
 
2.0610830783843994
3.031386137008667
3.4587652683258057
3.5706493854522705
3.589076519012451
 
2.0887701511383057
3.063645124435425
3.666917085647583
3.47151255607605
3.856013774871826
 
2.0508933067321777
3.0738110542297363
3.953016519546509
4.194809198379517
3.9115076065063477
 
2.0789878368377686
3.1611337661743164
3.699126720428467
3.779025077819824
3.8514068126678467
 
2.3078408241271973
2.9928791522979736
3.7476937770843506
4.120220899581909
4.288906574249268
 
2.5812907218933105
3.2495064735412598
3.521085500717163
4.0089640617370605
4.320564031600952
 
2.5299315452575684
3.524794578552246
4.033807754516602
4.261244535446167
4.070244073867798
 
