1.7052116394042969
1.2481203079223633
1.0714631080627441
1.5619702339172363
1.1142981052398682
1.3046705722808838
2.0172841548919678
4.563459157943726
12.153865575790405
 
2.3490779399871826
1.3719573020935059
1.1010594367980957
1.5409224033355713
1.0563364028930664
1.0283658504486084
2.0844132900238037
5.017331838607788
10.42905068397522
 
1.3979558944702148
1.0751457214355469
1.0589573383331299
1.510699987411499
1.1559545993804932
1.0829129219055176
2.169793128967285
5.008151054382324
11.344261646270752
 
1.070042610168457
1.0117950439453125
1.023439884185791
1.7871017456054688
1.3637316226959229
0.9916880130767822
2.071390151977539
4.9160988330841064
11.553182125091553
 
0.9998226165771484
1.0376794338226318
1.1584930419921875
1.8425097465515137
0.9691495895385742
1.09946608543396
2.0273396968841553
5.012385845184326
11.064709901809692
 
1.0212211608886719
1.0413835048675537
1.111480712890625
1.8929502964019775
0.9998462200164795
1.8902266025543213
2.819340467453003
5.817134618759155
10.859933376312256
 
1.3965556621551514
1.0855903625488281
1.180417776107788
1.758396863937378
1.0913746356964111
1.1519544124603271
2.0141613483428955
5.262650966644287
11.558571577072144
 
1.0627422332763672
1.0287721157073975
1.0000495910644531
1.860304594039917
1.045044183731079
1.098327398300171
2.037036657333374
5.177119255065918
10.671684741973877
 
1.0325736999511719
1.0464444160461426
1.079770565032959
1.8010387420654297
1.0921094417572021
1.0787079334259033
2.008803129196167
5.178765773773193
10.2306547164917
 
1.1106693744659424
1.0595927238464355
1.0302774906158447
1.5669989585876465
1.1183481216430664
1.1247901916503906
2.170259475708008
5.007683515548706
12.465263843536377
 
1.7112841606140137
2.025437116622925
1.7595775127410889
2.4258148670196533
2.0420289039611816
1.5264041423797607
2.043790578842163
4.739565134048462
10.630139589309692
 
1.0272345542907715
2.7017695903778076
1.3157527446746826
1.6275599002838135
1.0579092502593994
1.0608296394348145
1.9705283641815186
5.498159885406494
8.880754947662354
 
1.0401549339294434
1.0554478168487549
1.104182243347168
1.8900587558746338
1.3595147132873535
1.0761597156524658
2.195615768432617
4.947371006011963
10.651132583618164
 
1.001518726348877
1.081322431564331
1.0676519870758057
1.950857400894165
1.0598831176757812
1.1109817028045654
2.1047492027282715
5.4680092334747314
11.4036545753479
 
1.3521628379821777
1.5663516521453857
1.3718845844268799
1.7605841159820557
1.4184787273406982
1.0664422512054443
2.0158045291900635
5.037865400314331
11.271164655685425
 
1.0111188888549805
1.0591142177581787
1.0219743251800537
1.8239836692810059
1.1058406829833984
1.1395807266235352
2.0757174491882324
5.660854816436768
10.855685234069824
 
1.064892053604126
1.1179440021514893
1.0425920486450195
1.5537958145141602
3.401064157485962
1.0567057132720947
2.068171501159668
4.949846982955933
10.758039951324463
 
1.0242223739624023
1.0666530132293701
1.1158525943756104
2.0942280292510986
1.0414044857025146
1.2629969120025635
2.1324265003204346
4.752281904220581
10.999982595443726
 
1.0026826858520508
1.0992803573608398
1.1095902919769287
1.8157901763916016
1.0318434238433838
1.1439683437347412
2.044023036956787
5.518583297729492
10.723838567733765
 
1.4908955097198486
1.0505504608154297
1.109550952911377
1.9405028820037842
1.577796459197998
1.3538944721221924
2.1693923473358154
4.827930927276611
11.058245420455933
 
1.412266731262207
1.9407463073730469
2.148190498352051
2.7098188400268555
2.0703134536743164
2.019551992416382
3.2295191287994385
5.230592489242554
10.719162940979004
 
1.3515093326568604
1.110069751739502
1.2011997699737549
1.8316655158996582
1.0838978290557861
1.0853502750396729
1.9976389408111572
5.248664617538452
11.258954286575317
 
1.0939459800720215
1.08650803565979
1.0372769832611084
3.242594003677368
1.3017268180847168
1.141014575958252
2.019047737121582
4.528937816619873
8.729744911193848
 
3.6437065601348877
1.0141184329986572
1.0498409271240234
1.8320980072021484
1.3702104091644287
1.0397968292236328
2.0902116298675537
4.7668561935424805
11.139440059661865
 
1.0954949855804443
1.0487349033355713
1.0914249420166016
1.8701260089874268
1.3864762783050537
1.3533422946929932
2.0095486640930176
5.2970428466796875
10.399815797805786
 
1.379913330078125
1.041006326675415
1.039635419845581
1.808720350265503
1.529357671737671
1.0716652870178223
2.1825551986694336
5.0671162605285645
12.809943914413452
 
1.7285356521606445
2.1090149879455566
0.9995687007904053
1.9331059455871582
1.1066474914550781
1.2349653244018555
2.049637794494629
4.966406345367432
10.239164590835571
 
1.3612730503082275
1.0657799243927002
0.9827606678009033
1.7964391708374023
1.0962047576904297
1.1977031230926514
2.0537047386169434
5.026942253112793
11.080785274505615
 
1.0251986980438232
1.054147720336914
1.0234711170196533
1.556488037109375
1.2103533744812012
1.2413606643676758
2.0100419521331787
5.068130970001221
10.949084758758545
 
1.3808021545410156
1.0565135478973389
1.1216702461242676
1.9929289817810059
1.1174423694610596
1.2271976470947266
2.555415153503418
5.467454433441162
10.467679023742676
 
