3.29860258102417
3.619074821472168
4.018896818161011
4.0803351402282715
4.990664958953857
 
2.4014892578125
3.37912654876709
3.844238758087158
4.342162609100342
4.331400394439697
 
2.74953293800354
3.2567715644836426
3.6240217685699463
3.9795145988464355
4.199966669082642
 
2.1894562244415283
3.769953489303589
4.231058597564697
4.529652118682861
4.293828248977661
 
2.8849945068359375
3.2644026279449463
3.546793222427368
4.00950813293457
4.537764072418213
 
2.710411787033081
3.4900429248809814
3.7017593383789062
3.858048439025879
3.9596011638641357
 
2.9313151836395264
3.2795138359069824
3.529536724090576
3.747244358062744
4.0120532512664795
 
2.430582284927368
3.3482747077941895
4.043110132217407
3.976327419281006
4.002325057983398
 
2.7110729217529297
3.209747791290283
3.5492687225341797
3.9907279014587402
4.038886547088623
 
2.7993924617767334
3.411059856414795
3.7886722087860107
3.850381851196289
4.03049898147583
 
2.70951509475708
3.2509212493896484
3.488762378692627
3.9906094074249268
4.060450792312622
 
2.7183101177215576
3.250584363937378
3.611607313156128
4.749166250228882
4.580104112625122
 
3.1797776222229004
3.4656105041503906
3.6837031841278076
4.079031705856323
4.23153829574585
 
2.743938446044922
3.2053818702697754
3.6589131355285645
3.889737844467163
4.2410728931427
 
2.7031378746032715
3.277757167816162
3.7974772453308105
3.8915319442749023
4.275155782699585
 
2.43847393989563
3.226123332977295
3.5906155109405518
3.9401750564575195
4.268373966217041
 
2.740506649017334
3.338726282119751
3.571434497833252
4.591933488845825
4.256036043167114
 
2.871725559234619
3.3303403854370117
4.009265422821045
4.149300575256348
4.3008646965026855
 
2.7052783966064453
4.025400876998901
4.139538049697876
4.469088792800903
4.339951992034912
 
2.6998229026794434
3.2799813747406006
3.590320587158203
3.939992904663086
3.9714510440826416
 
3.8778905868530273
3.4201736450195312
4.497132301330566
4.633041143417358
4.6084654331207275
 
2.6813790798187256
3.223330020904541
4.0448620319366455
4.3971240520477295
4.484823226928711
 
2.692227602005005
3.2633635997772217
3.7124710083007812
4.057254791259766
4.460405349731445
 
2.4324142932891846
3.5366930961608887
3.532667636871338
4.160115718841553
4.501461505889893
 
2.7576839923858643
3.241595506668091
3.855886459350586
4.833336591720581
5.002756595611572
 
3.4534645080566406
3.246046543121338
3.802171468734741
3.9545857906341553
3.94341778755188
 
2.4082465171813965
3.4346280097961426
3.544612407684326
4.111849546432495
4.23188591003418
 
2.402316093444824
3.261108875274658
3.8824455738067627
4.06583571434021
4.213754177093506
 
2.42124080657959
3.2804338932037354
3.5564303398132324
3.95987606048584
4.281390905380249
 
2.8125147819519043
3.435777425765991
3.6717023849487305
3.8903496265411377
4.180211782455444
 
