0.3595409393310547
0.562260627746582
0.475313663482666
0.5646770000457764
0.7728176116943359
 
0.29557132720947266
0.3273143768310547
0.4463613033294678
0.5001571178436279
0.7531476020812988
 
0.22348499298095703
0.3004741668701172
0.4206852912902832
0.5127387046813965
0.6620662212371826
 
0.2898092269897461
0.3396618366241455
0.4783613681793213
0.5013372898101807
0.7052054405212402
 
0.25233030319213867
0.45943427085876465
0.4367656707763672
0.5213103294372559
0.703505277633667
 
0.27177977561950684
0.36140918731689453
0.4696657657623291
0.585974931716919
0.6517131328582764
 
0.26148009300231934
0.3721325397491455
0.4329652786254883
0.6055047512054443
0.6429245471954346
 
0.26415371894836426
0.35478711128234863
0.3999159336090088
0.610140323638916
0.6206591129302979
 
0.34822940826416016
0.3290536403656006
0.4185669422149658
0.5377752780914307
0.6635599136352539
 
0.3792550563812256
0.33641982078552246
0.4904663562774658
0.5571539402008057
0.7383499145507812
 
0.2679469585418701
0.5609865188598633
0.6580026149749756
1.0083024501800537
1.126791000366211
 
0.4825112819671631
0.479022741317749
0.6573781967163086
0.8120465278625488
1.0777456760406494
 
0.5373554229736328
0.5565299987792969
0.7517235279083252
1.0620763301849365
1.1092987060546875
 
0.4510924816131592
0.6012449264526367
0.6655704975128174
0.7938416004180908
1.0064589977264404
 
0.6266436576843262
0.513106107711792
0.8027136325836182
1.069082260131836
0.8931634426116943
 
0.30738019943237305
0.4127955436706543
0.47021961212158203
0.5081560611724854
0.7427444458007812
 
0.4055349826812744
0.4272458553314209
0.7536790370941162
0.6004352569580078
0.7631452083587646
 
0.2688148021697998
0.34719157218933105
0.4872868061065674
0.5893769264221191
0.7492420673370361
 
0.291919469833374
0.3808248043060303
0.47951745986938477
0.5891027450561523
0.7680861949920654
 
0.28763461112976074
0.38666629791259766
0.5163712501525879
0.5825891494750977
0.8088009357452393
 
0.4274787902832031
0.38691115379333496
0.462968111038208
0.5379548072814941
0.6363744735717773
 
0.3155665397644043
0.35299158096313477
0.4157261848449707
0.5701789855957031
1.0086619853973389
 
0.2730424404144287
0.539391279220581
0.5159893035888672
0.6266148090362549
0.7834033966064453
 
0.34992003440856934
0.3782813549041748
0.564246654510498
0.6266732215881348
0.8179619312286377
 
0.30693936347961426
0.5156733989715576
0.47612953186035156
0.6735780239105225
0.7718265056610107
 
0.36608362197875977
0.38930201530456543
0.49861621856689453
0.785038948059082
0.794745683670044
 
0.31287240982055664
0.3974881172180176
0.48961853981018066
0.6430528163909912
0.7759687900543213
 
0.31597089767456055
0.3792145252227783
0.5103576183319092
0.6017055511474609
0.9215590953826904
 
0.31889891624450684
0.4208390712738037
0.4690215587615967
0.6502914428710938
0.7386324405670166
 
0.3082404136657715
0.3543112277984619
0.48633337020874023
0.5864152908325195
0.8387243747711182
 
