0.187449
0.185238
0.184580
0.225009
0.182340
0.179072
0.188498
0.191696
0.182074
0.181820
0.180793
0.182768
0.178608
0.182156
0.180999
0.183484
0.227339
0.196923
0.205531
0.203139
0.189346
0.181489
0.183650
0.284031
0.449993
0.329439
0.237944
0.342695
0.348574
0.307719
0.190579
0.201804
0.189269
0.184785
0.181447
0.185386
0.181949
0.190135
0.177735
0.183483
0.182176
0.182383
0.179894
0.223710
0.180335
0.186381
0.183553
0.186794
0.181222
0.179776
0.180723
0.181903
0.189649
0.187439
0.178606
0.185523
0.223055
0.183815
0.187177
0.185877
0.181435
0.178974
0.181747
0.184678
0.181174
0.187640
0.197167
0.186581
0.179483
0.224991
0.187204
0.182334
0.179839
0.189792
0.181956
0.186199
0.180750
0.187683
0.181545
0.192840
0.183928
0.186213
0.236992
0.191642
0.178729
0.183212
0.183975
0.185332
0.180853
0.183628
0.178893
0.182646
0.181373
0.183401
0.181055
0.185956
0.225774
0.183336
0.186709
