0.497307
0.497056
0.503044
0.543949
0.502600
0.502533
0.505606
0.551815
0.492737
0.492665
0.495372
0.489136
0.539368
0.502023
0.494500
0.493410
0.528599
0.492611
0.491335
0.489427
0.522912
0.495074
0.500672
0.490779
0.546644
0.485067
0.490384
0.499576
0.536266
0.505837
0.499902
0.498490
0.544435
0.491501
0.499807
0.491166
0.542954
0.492596
0.501506
0.495204
0.507043
0.536548
0.500045
0.498388
0.492954
0.537201
0.499223
0.501222
0.496625
0.543331
0.494686
0.496127
0.492072
0.539362
0.496577
0.496944
0.507948
0.546496
0.498053
0.498857
0.498431
0.539417
0.495743
0.499212
0.500439
0.505758
0.535025
0.499788
0.493324
0.506331
0.537531
0.500096
0.490630
0.492619
0.541047
0.503066
0.492459
0.495816
0.536589
0.500783
0.500415
0.492564
0.531787
0.497975
0.498440
0.496346
0.546835
0.497593
0.496191
0.492172
0.495198
0.533674
0.496352
0.501692
0.497047
0.537441
0.497812
0.500460
0.494942
