0.642910
0.827519
0.639432
0.639051
0.682610
0.637864
0.649614
0.686836
0.642453
0.640849
0.687433
0.640953
0.640235
0.686024
0.641134
0.637603
0.637173
0.678908
0.646183
0.652636
0.685293
0.643862
0.628087
0.680984
0.629709
0.633813
0.678582
0.637262
0.628021
0.675378
0.637286
0.627960
0.675896
0.629687
0.646065
0.638867
0.683786
0.631458
0.622045
0.675424
0.632539
0.629045
0.671354
0.630804
0.631662
0.673374
0.624329
0.630977
0.674116
0.636180
0.635277
0.689774
0.633021
0.637817
0.642524
0.672031
0.639723
0.639787
0.668039
0.647743
0.635500
0.678422
0.628754
0.632239
0.684923
0.642009
0.634751
0.681042
0.638279
0.636714
0.684212
0.633039
0.634824
0.646488
0.684692
0.630539
0.644242
0.691356
0.650540
0.642814
0.701794
0.653023
0.659228
0.698477
0.635204
0.637021
0.716032
0.653220
0.646506
0.683196
0.652992
0.731572
0.657907
0.698005
0.651252
0.727765
0.679820
0.720773
0.674943
