0.357834
0.358350
0.359283
0.364863
0.356781
0.414699
0.366158
0.372244
0.361744
0.358545
0.359682
0.406760
0.359925
0.355507
0.359630
0.368118
0.356541
0.362303
0.394645
0.365027
0.356929
0.348972
0.361652
0.365968
0.395589
0.354525
0.361715
0.361902
0.363835
0.359925
0.401425
0.357080
0.364218
0.358465
0.350057
0.362103
0.357952
0.400734
0.363253
0.361499
0.354758
0.350033
0.349617
0.405287
0.361207
0.349009
0.362022
0.360066
0.347778
0.400320
0.353228
0.361259
0.355982
0.357909
0.355983
0.352132
0.395830
0.352778
0.361946
0.366691
0.355945
0.352314
0.385551
0.356127
0.345681
0.353737
0.356586
0.362549
0.396722
0.355350
0.356106
0.358859
0.371579
0.357932
0.344704
0.398950
0.353418
0.361271
0.363764
0.366115
0.373288
0.402698
0.350177
0.356855
0.349943
0.359385
0.353950
0.404357
0.368291
0.345716
0.355636
0.361409
0.356665
0.355541
0.400756
0.372343
0.368201
0.359191
0.363636
