0.008730
0.009663
0.009835
0.011039
0.010172
0.008738
0.009555
0.009126
0.009404
0.010281
0.008630
0.009338
0.008949
0.009234
0.014496
0.008655
0.010590
0.009502
0.009778
0.008936
0.008718
0.009823
0.010063
0.011353
0.011816
0.009546
0.009800
0.008596
0.009578
0.008558
0.009374
0.010157
0.009154
0.010136
0.009621
0.009250
0.009515
0.009404
0.009846
0.008689
0.008584
0.009023
0.010291
0.021566
0.015314
0.009586
0.010156
0.008841
0.008696
0.010314
0.009353
0.010185
0.008603
0.008858
0.009374
0.009715
0.010550
0.008673
0.008571
0.009861
0.009746
0.009917
0.009420
0.009456
0.009568
0.008678
0.009985
0.009442
0.010076
0.009373
0.008615
0.010205
0.009715
0.010628
0.008489
0.009086
0.009064
0.008955
0.010342
0.010325
0.008985
0.008414
0.008619
0.010351
0.009534
0.009055
0.009042
0.008773
0.009869
0.012591
0.008648
0.008726
0.008757
0.009984
0.009261
0.010522
0.008560
0.008787
0.009311
