0.42583394050598145
0.23178625106811523
0.18862128257751465
0.16809368133544922
0.16281580924987793
0.17630743980407715
0.41744184494018555
0.16274356842041016
0.1636660099029541
0.14821124076843262
0.20607948303222656
0.19266223907470703
0.38281941413879395
0.1592700481414795
0.2508080005645752
0.18372511863708496
0.16776037216186523
0.20248961448669434
0.6682896614074707
0.2565152645111084
0.6729645729064941
0.8345422744750977
0.17348980903625488
0.6631264686584473
0.2021641731262207
0.1611180305480957
0.17071151733398438
0.27824950218200684
0.1994948387145996
0.6410791873931885
