0.5157036781311035
0.5304133892059326
0.5339455604553223
0.3103468418121338
0.2863318920135498
0.2965373992919922
0.31127238273620605
0.35051894187927246
0.5200943946838379
0.2995932102203369
0.29483461380004883
0.40561890602111816
0.4212520122528076
0.29059791564941406
0.2823781967163086
0.28060221672058105
0.3223564624786377
0.2870502471923828
0.33348917961120605
0.5496764183044434
0.4393770694732666
0.2885134220123291
0.41523194313049316
0.31691932678222656
0.29054975509643555
0.2870669364929199
0.4139292240142822
0.28687596321105957
0.5720682144165039
0.28725671768188477
