0.5505712032318115
0.8493196964263916
0.5432631969451904
0.3729987144470215
0.38301658630371094
0.39278101921081543
0.3695521354675293
0.662466287612915
0.379192590713501
0.5710740089416504
0.48352694511413574
0.3681793212890625
0.3700447082519531
0.6479058265686035
0.6604034900665283
0.580862283706665
0.37837767601013184
0.4009840488433838
0.37584948539733887
0.36205410957336426
0.49195218086242676
0.6610441207885742
0.5474140644073486
0.45163679122924805
0.37906932830810547
0.39337658882141113
0.41643261909484863
0.3720216751098633
0.5614206790924072
0.6062023639678955
