0.8151826858520508
0.24933886528015137
0.34493064880371094
0.237623929977417
0.24237275123596191
0.2620677947998047
0.4404737949371338
0.5088920593261719
0.2487163543701172
0.45145535469055176
0.282855749130249
0.568267822265625
0.2419881820678711
0.31906604766845703
0.2788670063018799
0.24817323684692383
0.5325770378112793
0.43373680114746094
0.23655343055725098
0.24901986122131348
0.2842984199523926
0.33016180992126465
0.3368399143218994
0.26997923851013184
0.23531770706176758
0.42057061195373535
0.237196683883667
0.24686121940612793
0.5086383819580078
0.253664493560791

