0.4180178642272949
0.7222058773040771
0.3609194755554199
0.3769221305847168
0.5940999984741211
0.39226245880126953
0.38582539558410645
1.008100986480713
0.43138551712036133
0.8040034770965576
0.37572455406188965
0.5190389156341553
0.7943224906921387
0.7178061008453369
0.363506555557251
0.5194594860076904
0.359785795211792
0.3868844509124756
0.9248597621917725
0.3602738380432129
0.48744702339172363
0.9140994548797607
0.514307975769043
0.4030344486236572
0.36986207962036133
0.8060789108276367
0.6158778667449951
0.566258430480957
0.3685157299041748
0.37470412254333496
