0.38973379135131836
0.5431444644927979
0.487898588180542
0.27419328689575195
0.330064058303833
0.6348793506622314
0.25832676887512207
0.26923155784606934
0.3436551094055176
0.7245802879333496
0.5117833614349365
0.5374469757080078
0.5120644569396973
0.44592928886413574
0.36330747604370117
0.4053032398223877
0.2825791835784912
0.2750105857849121
0.3367900848388672
0.29126596450805664
0.664609432220459
0.28580164909362793
0.27925753593444824
0.4937269687652588
0.28743982315063477
0.34738659858703613
0.361478328704834
0.26398730278015137
0.27301692962646484
0.2856101989746094
