0.9470844268798828
0.9706549644470215
1.1840765476226807
1.406031608581543
2.195669651031494
 
0.7603065967559814
0.902001142501831
1.3509891033172607
1.7173898220062256
2.134361505508423
 
0.8361515998840332
1.1116912364959717
1.352147102355957
1.7921257019042969
2.5305089950561523
 
0.9510452747344971
1.4690039157867432
2.328620672225952
3.6732687950134277
4.105375051498413
 
1.1871616840362549
1.5263707637786865
2.1007936000823975
2.8044583797454834
3.0439157485961914
 
1.1467862129211426
1.767472505569458
2.300659656524658
2.940657377243042
3.7312819957733154
 
1.0465667247772217
1.5265300273895264
2.0869476795196533
2.7455642223358154
3.014284372329712
 
0.9419233798980713
1.005075216293335
1.5594117641448975
1.9872782230377197
3.2147185802459717
 
0.9544906616210938
1.3180413246154785
1.7713329792022705
2.3180594444274902
4.467630386352539
 
0.9318966865539551
1.0872914791107178
1.8433382511138916
2.4286675453186035
2.9492385387420654
 
0.9593286514282227
1.9055545330047607
2.6650807857513428
2.913628101348877
3.623988628387451
 
1.2532634735107422
1.4767260551452637
2.0793941020965576
2.474825143814087
2.9414994716644287
 
0.967958927154541
1.1779003143310547
1.7397351264953613
2.143908739089966
2.44077467918396
 
0.9245080947875977
1.144974946975708
1.5630168914794922
1.874039888381958
2.405715227127075
 
1.010545015335083
1.0304205417633057
1.2578797340393066
1.7646276950836182
2.4810264110565186
 
0.7730484008789062
1.2374567985534668
1.5324287414550781
1.894639492034912
3.0826404094696045
 
0.9361972808837891
1.2329325675964355
1.9399478435516357
2.3251545429229736
2.7390191555023193
 
0.7849979400634766
1.1437489986419678
1.8082962036132812
2.524095058441162
2.9761691093444824
 
0.7824652194976807
1.055778980255127
1.8498005867004395
2.201908588409424
2.6162445545196533
 
0.9951374530792236
1.1663477420806885
1.7035915851593018
2.775676727294922
3.331237316131592
 
1.296616554260254
0.6394765377044678
0.7237205505371094
1.1150643825531006
1.0716230869293213
 
0.4270038604736328
0.7253272533416748
0.8471848964691162
0.9937880039215088
1.2119214534759521
 
0.3982076644897461
0.6635982990264893
0.6969213485717773
1.1954810619354248
1.4239344596862793
 
0.4880213737487793
0.785825252532959
0.8746852874755859
1.7638540267944336
1.447800874710083
 
0.3820207118988037
0.6092605590820312
0.6972463130950928
0.8217673301696777
1.097036361694336
 
0.4270040988922119
0.7777624130249023
0.7620019912719727
0.9028360843658447
1.3695905208587646
 
0.7351105213165283
0.8231465816497803
0.888638973236084
0.9493358135223389
1.0593693256378174
 
0.40506696701049805
0.5868256092071533
0.9134042263031006
1.3392677307128906
1.3996269702911377
 
0.5371284484863281
0.7959153652191162
0.7524557113647461
1.0158305168151855
1.2309658527374268
 
0.3840787410736084
0.7012736797332764
0.6891024112701416
1.0950164794921875
1.1389307975769043
 
