[100b,200k,400k,800k,1600k,3200k]
1.0915544033050537
2.5796492099761963
2.730680227279663
2.950587272644043
2.5866081714630127
6.896658897399902
1.5332865715026855
3.50653076171875
3.137491464614868
3.6206400394439697
4.575181722640991
7.007488012313843
1.0778937339782715
1.9711315631866455
2.4976329803466797
3.006873846054077
3.497720956802368
7.67501163482666
1.3248214721679688
2.3819713592529297
3.097446918487549
3.4527013301849365
3.6910057067871094
7.761816024780273
1.4042577743530273
2.140498161315918
3.1133477687835693
4.002438068389893
3.8280491828918457
7.897367715835571
1.5276474952697754
2.718667984008789
2.878758192062378
2.903542995452881
3.6398284435272217
6.789635181427002
1.45982027053833
2.3157169818878174
3.2059292793273926
3.0386903285980225
3.544623613357544
6.981473684310913
1.2537899017333984
2.3628995418548584
2.5895650386810303
3.7057361602783203
3.6295928955078125
8.277814626693726
1.733471155166626
2.5039124488830566
2.578676700592041
3.6325149536132812
3.547772169113159
8.652076482772827
1.1128370761871338
2.1618480682373047
2.4568262100219727
3.359651803970337
3.540226697921753
7.608436107635498
1.1073832511901855
2.085754871368408
2.7648956775665283
3.4466657638549805
3.5552263259887695
6.737186670303345
1.2473468780517578
1.876279354095459
2.105872631072998
3.359900951385498
3.5777134895324707
6.724630355834961
1.36228609085083
2.785244941711426
2.773017406463623
2.7391762733459473
4.153854608535767
7.731220722198486
1.1208202838897705
2.110931634902954
2.502636194229126
2.5987606048583984
3.01233172416687
6.611385345458984
1.3247737884521484
2.399528741836548
2.907627820968628
2.8549277782440186
3.3288938999176025
6.118338346481323
1.0933258533477783
2.1832737922668457
2.153369665145874
2.8084845542907715
3.317136287689209
6.589850425720215
1.3676466941833496
1.8648180961608887
2.1501808166503906
3.1125364303588867
3.2756364345550537
6.702090740203857
1.3420021533966064
2.251044511795044
2.2748918533325195
2.713602066040039
3.393367290496826
6.881897687911987
1.187664270401001
2.11508846282959
2.2257156372070312
2.628216028213501
3.3041505813598633
6.929940462112427
1.1165926456451416
1.9758331775665283
2.28914737701416
4.052826166152954
4.297956466674805
7.65843391418457
1.3024325370788574
2.2590956687927246
2.1803510189056396
2.8216001987457275
3.2357418537139893
7.079500198364258
1.3798816204071045
2.1211040019989014
2.433434247970581
3.0098648071289062
3.521608829498291
7.88830304145813
1.2447829246520996
2.038274049758911
2.5574231147766113
3.4656479358673096
3.3887553215026855
6.446704149246216
1.4352779388427734
1.8837871551513672
2.21730375289917
2.70031476020813
3.0846824645996094
6.4225616455078125
1.3034977912902832
1.9068281650543213
2.6391944885253906
3.8608078956604004
4.650051832199097
7.435163259506226
2.3369317054748535
2.101569890975952
2.390490770339966
3.4419713020324707
5.66406774520874
7.840163230895996
1.6258265972137451
2.522045373916626
2.6311662197113037
3.0094478130340576
3.8125553131103516
7.615978479385376
1.588080883026123
2.3457846641540527
3.2289910316467285
3.5949485301971436
3.758486032485962
8.83064579963684
1.7132413387298584
2.3527941703796387
2.413444757461548
2.9781546592712402
3.531280994415283
7.4838690757751465
1.464798927307129
2.1554484367370605
2.410320281982422
2.930696964263916
3.2682480812072754
7.15609884262085
