2.34169340133667
2.5267739295959473
3.2660584449768066
3.539018154144287
3.8029096126556396

1.407923698425293
2.183216094970703
4.585344314575195
3.9140326976776123
3.4412102699279785

1.8654119968414307
3.3919990062713623
2.803410053253174
3.7797982692718506
4.032410621643066

1.4124891757965088
2.229177474975586
2.404209852218628
3.390913248062134
3.929899215698242

1.882140874862671
2.4452927112579346
2.6135571002960205
3.5697202682495117
4.175615310668945

1.8790137767791748
2.3695476055145264
3.295499324798584
3.6515488624572754
4.099724769592285

1.6529302597045898
3.8052213191986084
4.200620889663696
4.1157166957855225
3.755899429321289

1.5603806972503662
2.0404601097106934
2.348280191421509
3.5770084857940674
4.017248630523682

2.146113395690918
2.666203737258911
2.8688900470733643
3.630744695663452
3.776204824447632

2.099372625350952
3.322305202484131
3.764686346054077
3.6898961067199707
3.861433744430542

1.419938564300537
2.3551535606384277
3.6151111125946045
3.622450828552246
4.1286163330078125

1.4091455936431885
2.242232084274292
2.6099610328674316
3.5783722400665283
3.7354836463928223

1.487502098083496
2.3277699947357178
3.6569013595581055
4.212183475494385
4.2542102336883545

1.4787895679473877
2.9559621810913086
3.510023593902588
3.81052303314209
4.00793981552124

1.45076322555542
2.4689743518829346
2.5886192321777344
3.6274259090423584
3.975510835647583

1.4095160961151123
2.5579636096954346
3.475069761276245
4.089399576187134
4.3647780418396

1.6973390579223633
2.2182059288024902
2.622370481491089
3.4833569526672363
3.819322347640991

1.5314161777496338
2.3325095176696777
3.4947431087493896
3.880558729171753
4.09356427192688

1.4268929958343506
2.2784693241119385
2.553973436355591
3.6456971168518066
4.178638219833374

2.294619560241699
3.2860333919525146
3.609950065612793
4.128002405166626
4.695542335510254

3.089529037475586
2.4914703369140625
2.6454741954803467
3.297283887863159
3.256878137588501

1.397505283355713
2.7822864055633545
3.4422640800476074
3.9057111740112305
4.493113994598389

2.2382774353027344
3.1737868785858154
2.5327603816986084
3.104907751083374
3.7396106719970703

2.0416812896728516
2.5862090587615967
3.087303638458252
3.6131720542907715
3.6716201305389404

1.9121208190917969
2.723212957382202
3.666954278945923
3.3886778354644775
3.441861152648926

2.7905917167663574
3.075453758239746
3.523102283477783
3.6454367637634277
3.6210782527923584

1.2832386493682861
1.9863898754119873
2.223919153213501
2.929171085357666
3.536303758621216

1.4407811164855957
2.1806585788726807
2.6097986698150635
3.3009836673736572
3.786198616027832

1.4505970478057861
1.9892878532409668
2.3384127616882324
3.019108295440674
3.6043107509613037

1.7976489067077637
2.394362211227417
3.0346999168395996
3.482426404953003
3.3897221088409424

