1.291461706161499
0.8694531917572021
1.0514514446258545
1.1180343627929688
1.2628800868988037
 
0.3919227123260498
0.7410929203033447
1.1936445236206055
1.1673591136932373
1.3968806266784668
 
0.3810148239135742
0.851381778717041
0.9284892082214355
1.0683696269989014
2.0444867610931396
 
0.3942301273345947
0.4921448230743408
1.2449069023132324
1.1611566543579102
1.2465267181396484
 
0.6759181022644043
0.6353349685668945
0.6443257331848145
0.9242880344390869
0.9086904525756836
 
0.4405393600463867
0.4703369140625
0.9975731372833252
1.04030442237854
0.9431109428405762
 
0.5737318992614746
0.5551235675811768
1.03267502784729
0.9894371032714844
0.9248876571655273
 
0.5185508728027344
0.48383426666259766
0.8375670909881592
0.7404923439025879
1.4602069854736328
 
0.43900370597839355
0.48748278617858887
2.5472664833068848
0.9173221588134766
1.2377662658691406
 
0.49256205558776855
0.589353084564209
0.64723801612854
0.7584671974182129
1.132242202758789
 
0.5597953796386719
0.5049588680267334
0.711754322052002
0.8186752796173096
1.212782859802246
 
0.49317288398742676
0.460421085357666
0.618826150894165
0.9435229301452637
0.900707483291626
 
0.3452310562133789
0.648364782333374
1.7038311958312988
1.03877592086792
1.1309294700622559
 
0.5580089092254639
0.6191184520721436
0.799856424331665
1.1887075901031494
1.3142507076263428
 
0.40507030487060547
0.9891679286956787
1.3338444232940674
0.8616304397583008
1.1385972499847412
 
0.40959811210632324
0.5735642910003662
0.9241893291473389
0.8181586265563965
0.9756941795349121
 
0.5872337818145752
0.7910723686218262
0.5543031692504883
0.8374340534210205
0.9672303199768066
 
0.6180610656738281
0.5416326522827148
0.988398551940918
0.8984389305114746
1.5253181457519531
 
0.40933918952941895
0.46746087074279785
0.612591028213501
1.080127477645874
1.1013760566711426
 
0.9864335060119629
0.5229277610778809
1.1919221878051758
0.976165771484375
1.2182104587554932
 
0.5530905723571777
0.4885406494140625
0.9532558917999268
0.7668495178222656
1.247178554534912
 
0.45567989349365234
0.8621881008148193
0.5703389644622803
0.9394564628601074
1.1953020095825195
 
0.7281646728515625
0.705352783203125
0.6605122089385986
1.1049342155456543
0.9845578670501709
 
0.7557408809661865
0.7296292781829834
0.8458380699157715
1.4781391620635986
1.1080584526062012
 
0.43347644805908203
0.47516632080078125
0.7406497001647949
0.9569761753082275
1.4076673984527588
 
0.4440724849700928
0.5930192470550537
0.6087980270385742
0.9885215759277344
0.8843545913696289
 
0.5232527256011963
0.4720785617828369
0.9490680694580078
0.92547607421875
1.7219913005828857
 
0.46512413024902344
0.7613179683685303
0.7337541580200195
0.7814881801605225
1.1434071063995361
 
0.7727789878845215
0.5506577491760254
1.1759250164031982
0.9805195331573486
1.3176236152648926
 
0.5729353427886963
0.5927746295928955
0.7327704429626465
0.8614106178283691
0.889061450958252
 
