0.013117313385009766
0.011584997177124023
0.010512113571166992
0.011300086975097656
0.011301279067993164
0.010180950164794922
0.011297941207885742
0.011284828186035156
0.010071992874145508
0.011296987533569336

0.012266397476196289
0.010341882705688477
0.010248422622680664
0.010369062423706055
0.01019597053527832
0.010120868682861328
0.010025978088378906
0.010072946548461914
0.010137796401977539
0.010101079940795898

0.012224912643432617
0.010043144226074219
0.010286092758178711
0.010016918182373047
0.010044097900390625
0.01005697250366211
0.010032892227172852
0.009905815124511719
0.009893178939819336
0.010008096694946289

0.01210784912109375
0.01001882553100586
0.010277986526489258
0.010091066360473633
0.010010004043579102
0.010027170181274414
0.010103940963745117
0.010137081146240234
0.010171890258789062
0.010161161422729492

