0.014163970947265625
0.010992050170898438
0.012521982192993164
0.011267900466918945
0.012327909469604492
0.012491941452026367
0.011412858963012695
0.011206865310668945
0.012095928192138672
0.011114835739135742

0.012404918670654297
0.010087251663208008
0.010102987289428711
0.009981870651245117
0.010026931762695312
0.009968996047973633
0.010123968124389648
0.010044097900390625
0.010071039199829102
0.009907960891723633

0.012521028518676758
0.010225296020507812
0.010146856307983398
0.010206937789916992
0.010066986083984375
0.010089874267578125
0.010111808776855469
0.010083913803100586
0.010178804397583008
0.010132074356079102

0.01368403434753418
0.01128697395324707
0.0120849609375
0.01593804359436035
0.012903928756713867
0.01163792610168457
0.012758016586303711
0.014950037002563477
0.011286020278930664
0.01064920425415039

0.013477802276611328
0.013027191162109375
0.01053309440612793
0.010693788528442383
0.011172056198120117
0.010647058486938477
0.01057291030883789
0.010706901550292969
0.010726213455200195
0.010275125503540039

0.012175321578979492
0.009992837905883789
0.010040760040283203
0.009948015213012695
0.009978294372558594
0.010040998458862305
0.009985923767089844
0.010066032409667969
0.01014089584350586
0.01141977310180664

0.012112855911254883
0.010143280029296875
0.010166168212890625
0.010261058807373047
0.010030984878540039
0.009967803955078125
0.009985923767089844
0.010025978088378906
0.010156869888305664
0.01013493537902832

0.014069080352783203
0.010831832885742188
0.012958049774169922
0.011493921279907227
0.012785911560058594
0.010416984558105469
0.011518001556396484
0.011451959609985352
0.01069188117980957
0.011270284652709961

0.015116214752197266
0.014021158218383789
0.01555323600769043
0.015315055847167969
0.015557289123535156
0.010875225067138672
0.010745763778686523
0.011245012283325195
0.010763168334960938
0.010905981063842773

0.012588739395141602
0.010028600692749023
0.010273218154907227
0.013344764709472656
0.011234760284423828
0.012928009033203125
0.012004852294921875
0.011038780212402344
0.00995779037475586
0.01000213623046875

0.012296915054321289
0.009948968887329102
0.01007699966430664
0.009932994842529297
0.010067939758300781
0.009964704513549805
0.01007390022277832
0.010050058364868164
0.010108232498168945
0.009930133819580078

0.012278079986572266
0.010114192962646484
0.009981155395507812
0.010035991668701172
0.009948968887329102
0.010030031204223633
0.010251998901367188
0.010098934173583984
0.009999275207519531
0.01006007194519043

0.012499094009399414
0.01024007797241211
0.01005411148071289
0.010095834732055664
0.010254859924316406
0.010128974914550781
0.010249853134155273
0.010249853134155273
0.010697126388549805
0.010251045227050781

0.012370109558105469
0.010030746459960938
0.010010957717895508
0.009979009628295898
0.010076045989990234
0.009956121444702148
0.009952068328857422
0.010044336318969727
0.010004043579101562
0.010009050369262695

0.012662887573242188
0.010404825210571289
0.010337114334106445
0.010300159454345703
0.010239839553833008
0.010252952575683594
0.010010004043579102
0.010121822357177734
0.009979009628295898
0.010251045227050781

0.012450933456420898
0.010064125061035156
0.009999275207519531
0.010007143020629883
0.009905815124511719
0.010020017623901367
0.009991168975830078
0.009994029998779297
0.01001119613647461
0.009948015213012695

