0.012373924255371094
0.010070085525512695
0.009984016418457031
0.010026931762695312
0.010005950927734375
0.010066032409667969
0.010087013244628906
0.00999307632446289
0.010097265243530273
0.010098934173583984

0.012176036834716797
0.010035991668701172
0.009887933731079102
0.009926080703735352
0.00979304313659668
0.009943962097167969
0.009979963302612305
0.010061025619506836
0.00991201400756836
0.010094165802001953

0.012279033660888672
0.010036945343017578
0.010003328323364258
0.010259866714477539
0.01009678840637207
0.010381698608398438
0.010109186172485352
0.01034688949584961
0.01008296012878418
0.010121822357177734

0.01216888427734375
0.009961843490600586
0.00997304916381836
0.009897947311401367
0.01010584831237793
0.010076045989990234
0.010033369064331055
0.010135889053344727
0.009996891021728516
0.009881019592285156

0.012074947357177734
0.010164976119995117
0.010038137435913086
0.010122060775756836
0.010100126266479492
0.01011514663696289
0.010084152221679688
0.010122060775756836
0.010103940963745117
0.01018214225769043

0.01220703125
0.010055303573608398
0.010393142700195312
0.010136127471923828
0.010010957717895508
0.010007858276367188
0.010016918182373047
0.010033845901489258
0.010150909423828125
0.009983062744140625

0.012241125106811523
0.010152816772460938
0.00997304916381836
0.010123014450073242
0.009971857070922852
0.010164022445678711
0.010128259658813477
0.01019597053527832
0.01002812385559082
0.010299205780029297

0.012382984161376953
0.010107278823852539
0.009968996047973633
0.010151147842407227
0.010152101516723633
0.009990215301513672
0.009984016418457031
0.010160207748413086
0.010177135467529297
0.010175943374633789

0.012185096740722656
0.010205984115600586
0.010023832321166992
0.009945869445800781
0.00996708869934082
0.010084152221679688
0.009866952896118164
0.010136127471923828
0.010107040405273438
0.010024070739746094

0.012101888656616211
0.010197877883911133
0.010153055191040039
0.010074138641357422
0.010050058364868164
0.010089874267578125
0.010182857513427734
0.01008915901184082
0.009909868240356445
0.010343074798583984

0.012298107147216797
0.010071992874145508
0.01016092300415039
0.010232210159301758
0.010167121887207031
0.010191202163696289
0.010077953338623047
0.010167121887207031
0.01017308235168457
0.01050710678100586

0.012280941009521484
0.010157108306884766
0.01026773452758789
0.009911060333251953
0.009988784790039062
0.010146856307983398
0.010166645050048828
0.00997304916381836
0.010076045989990234
0.010258197784423828

0.012284994125366211
0.010248899459838867
0.010009050369262695
0.010019063949584961
0.010167121887207031
0.010168075561523438
0.010189056396484375
0.010337114334106445
0.01011204719543457
0.01137399673461914

0.012263298034667969
0.010274171829223633
0.01001882553100586
0.009911060333251953
0.010033845901489258
0.010086297988891602
0.010019063949584961
0.01024317741394043
0.010036945343017578
0.010165929794311523

0.012423038482666016
0.010644912719726562
0.011719942092895508
0.012026071548461914
0.011731147766113281
0.010093212127685547
0.01047205924987793
0.010235071182250977
0.010365962982177734
0.010377883911132812

0.012473106384277344
0.0101318359375
0.011299848556518555
0.010021209716796875
0.010215997695922852
0.010013818740844727
0.009959936141967773
0.010024309158325195
0.009968042373657227
0.010083913803100586

