0.19820915 0.011362388819266567
0.2902953 0.006632307612474108
0.429843 0.00898495262682955
0.58552155 0.009765784296606154
0.16963355 0.009561026569111874
0.30874685 0.006075464655702227
0.43568125 0.007528469484594523
0.6683491500000001 0.02069349518056887
53.146969368421054 0.5260886849990406
158.34035421052633 0.4711929225133353
325.08272745 0.4116139299614138
549.64886285 0.40460230271373804
0.22534425 0.005541891290853682
0.37306665 0.007501845015637333
0.51679375 0.00608717726607001
0.6696931 0.007497518380166986
