46.508794
45.278660
44.831830
43.755544
43.885963
43.538215
43.450611
44.025609
43.669027
43.724823
43.746502
43.508215
43.538626
43.415655
43.535314
43.686248
43.379461
43.587969
43.394452
43.419684

143.305641
143.385029
142.872001
143.693645
143.023289
143.441713
145.283799
148.026315
142.998436
142.973487
142.786230
143.077681
142.843932
143.353321
143.875498
146.256182
143.640931
143.727567
143.471552
142.956578

304.365261
302.602779
305.256374
304.168020
303.765811
304.374424
303.492771
304.571192
302.640505
304.739282
300.197864
302.881552
301.802578
303.105320
302.729949
302.808690
301.736993
301.440880
302.433200
302.070239

514.897352
513.209204
515.799277
513.735462
514.264366
513.819703
513.226989
512.759549
513.681214
513.301544
513.722024
512.089693
516.567540
512.531124
512.332931
514.215905
513.681259
513.431691
512.656685
513.826728

0.345992
0.257301
0.216728
0.218061
0.215801
0.216370
0.215431
0.215302
0.254278
0.215741
0.217533
0.214517
0.215758
0.216238
0.257761
0.215008
0.224101
0.217583
0.218368
0.214196

0.519009
0.359662
0.352027
0.388514
0.351975
0.349415
0.391188
0.350538
0.350112
0.387389
0.348322
0.349409
0.395661
0.350637
0.349863
0.392194
0.351319
0.351302
0.392358
0.349826

0.593240
0.530673
0.489192
0.531387
0.489201
0.531939
0.492128
0.535741
0.488035
0.532267
0.491110
0.532132
0.490865
0.536283
0.489641
0.491751
0.531029
0.489345
0.527636
0.487481

0.778993
0.645596
0.683363
0.681722
0.637341
0.678327
0.678612
0.632135
0.684408
0.636411
0.672213
0.677096
0.726086
0.747941
0.697172
0.630967
0.671842
0.675745
0.632439
0.674414

0.271519
0.134496
0.174428
0.130203
0.172835
0.126777
0.174489
0.128606
0.174752
0.128179
0.175049
0.127667
0.127336
0.163607
0.127565
0.163819
0.128370
0.168409
0.128644
0.167684

0.376752
0.283393
0.288878
0.282163
0.281307
0.284887
0.288384
0.290019
0.293324
0.288388
0.284539
0.292245
0.290262
0.293724
0.291691
0.289251
0.298628
0.294844
0.293102
0.293389

0.548893
0.492549
0.445866
0.515179
0.453769
0.434982
0.552204
0.509685
0.463877
0.426755
0.478748
0.427001
0.477755
0.436266
0.422768
0.470269
0.412626
0.460548
0.409231
0.481796

0.717237
0.595946
0.615664
0.585374
0.595745
0.613502
0.595753
0.533608
0.567438
0.622135
0.619334
0.589099
0.591173
0.597919
0.596053
0.588502
0.593615
0.602081
0.591148
0.592809

0.462674
0.182534
0.233582
0.193818
0.218588
0.178151
0.241851
0.176454
0.234119
0.187873
0.224437
0.166705
0.141390
0.180186
0.131266
0.176544
0.132388
0.170325
0.130399
0.173706

0.379706
0.279603
0.278557
0.276097
0.279827
0.280149
0.278165
0.277333
0.279250
0.277238
0.279630
0.281386
0.282179
0.279655
0.278759
0.283114
0.284260
0.281232
0.283115
0.283705

0.659381
0.511198
0.457004
0.479161
0.408979
0.393178
0.443563
0.437536
0.513924
0.456981
0.497457
0.422140
0.501807
0.441686
0.451728
0.550166
0.503827
0.634662
0.413899
0.481738

0.840663
0.869377
0.618428
0.626733
0.643293
0.605227
0.577472
0.530877
0.549323
0.622110
0.564283
0.695364
0.616420
0.629828
0.621384
0.666923
0.598533
0.597046
0.628267
0.605952

