0.355182
0.168865
0.194137
0.147276
0.191464
0.131194
0.183514
0.150586
0.237354
0.164555
0.216770
0.175565
0.236376
0.228014
0.187224
0.179325
0.151452
0.249165
0.216787
0.199378

0.410627
0.278548
0.278655
0.280810
0.281267
0.287817
0.280617
0.280065
0.280866
0.280027
0.279881
0.288451
0.282860
0.284120
0.285532
0.282799
0.285298
0.286840
0.285860
0.304966

0.524700
0.487885
0.416492
0.457288
0.396041
0.388415
0.451965
0.389039
0.460549
0.395045
0.453506
0.397356
0.466497
0.402115
0.395127
0.448040
0.388813
0.440894
0.392534
0.444559

0.721975
0.585250
0.577017
0.592934
0.599652
0.598899
0.582726
0.505050
0.539294
0.573162
0.546851
0.648455
0.585342
0.573647
0.595904
0.581816
0.568332
0.574557
0.566941
0.592627

0.296462
0.150487
0.183214
0.132258
0.182450
0.130738
0.181602
0.130698
0.190368
0.141248
0.191208
0.130485
0.138260
0.195231
0.149570
0.201880
0.134625
0.222964
0.134654
0.174269

0.379117
0.282616
0.287934
0.292705
0.364367
0.294892
0.291138
0.354003
0.303757
0.311842
0.304874
0.301340
0.297664
0.325606
0.299007
0.301914
0.295451
0.296644
0.293696
0.296370

0.509355
0.466321
0.409187
0.471152
0.406900
0.403720
0.452626
0.403867
0.463874
0.403981
0.458680
0.404260
0.463734
0.420224
0.402981
0.451202
0.401015
0.452722
0.403627
0.464197

0.859587
0.638242
0.713057
0.711771
0.902988
0.652941
0.657289
0.556371
0.599632
0.628151
0.640764
0.617622
0.605015
0.591991
0.609891
0.599655
0.619690
0.785603
0.707117
0.669606

52.396514
52.984419
52.711517
53.229409
53.799997
51.449132
55.113476
53.676315
56.094432
53.849560
52.858742
49.657387
50.303798
49.545293
54.705317
56.472223
53.277874
50.334357
57.332656

161.567921
164.202776
157.611880
158.853451
157.787590
158.781138
161.895683
157.483874
157.620473
157.368700
157.320336
157.171703
156.982339
157.133387
157.574777
157.070212
157.068770
157.350985
157.620735

326.894062
326.607979
325.961944
330.481648
326.626202
325.925019
324.291883
323.412523
324.287813
324.450341
324.392633
323.525249
323.703125
323.484094
327.328109
324.290557
323.971936
324.317765
324.175790
323.525877

548.692550
551.695695
548.020440
547.892462
547.809948
547.365699
546.755605
548.488222
553.332508
550.288282
550.957820
549.596361
549.961438
549.301518
549.020647
552.083277
549.348447
549.900300
552.359381
550.106657

0.307911
0.255149
0.216268
0.214830
0.215766
0.215043
0.215787
0.214207
0.255034
0.215556
0.215093
0.215063
0.217158
0.213608
0.251882
0.213451
0.214094
0.214051
0.214056
0.212878

0.487843
0.356338
0.354008
0.398574
0.356414
0.353784
0.392759
0.353333
0.353330
0.394896
0.353748
0.353798
0.391886
0.358304
0.353346
0.394056
0.354111
0.356633
0.391824
0.352348

0.589231
0.532313
0.501501
0.534900
0.490469
0.534093
0.492849
0.532901
0.491168
0.533807
0.491094
0.537258
0.493619
0.537102
0.494759
0.493138
0.536205
0.496028
0.529357
0.494083

0.777229
0.635688
0.676091
0.679466
0.632352
0.681011
0.682802
0.638852
0.678607
0.648109
0.673003
0.683543
0.638129
0.679389
0.678513
0.629959
0.673798
0.674584
0.641542
0.691195

