0.283519
0.153289
0.192519
0.135679
0.179742
0.131216
0.187044
0.135577
0.190493
0.136340
0.193542
0.135076
0.134086
0.175079
0.149895
0.174134
0.143446
0.174228
0.130144
0.184691

0.374641
0.274703
0.272436
0.274202
0.276009
0.276805
0.272771
0.273397
0.273351
0.275776
0.277194
0.279114
0.277895
0.280892
0.278136
0.278907
0.279961
0.278327
0.281963
0.280960

0.488824
0.443139
0.389874
0.445234
0.385615
0.380505
0.426350
0.375624
0.432995
0.384402
0.438048
0.382824
0.444539
0.396352
0.383200
0.432228
0.386009
0.436738
0.388253
0.435591

0.655105
0.561038
0.558319
0.559277
0.565543
0.563081
0.565625
0.497686
0.539504
0.534682
0.539234
0.539017
0.538987
0.549704
0.547826
0.549188
0.560307
0.555698
0.556769
0.560544

