0.013314247131347656
0.012407064437866211
0.012121915817260742
0.01164102554321289
0.012748003005981445
0.011538028717041016
0.010545969009399414
0.010445117950439453
0.011582136154174805
0.010966062545776367

0.01390695571899414
0.01034688949584961
0.010280847549438477
0.010130882263183594
0.009948015213012695
0.009968280792236328
0.010097980499267578
0.010803937911987305
0.010046005249023438
0.010207176208496094

0.012379169464111328
0.010043144226074219
0.010022878646850586
0.009974956512451172
0.010071039199829102
0.010119915008544922
0.01019906997680664
0.010142803192138672
0.009961128234863281
0.010069847106933594

0.012452840805053711
0.010178089141845703
0.010004043579101562
0.01015615463256836
0.010057926177978516
0.010174036026000977
0.009984016418457031
0.010423898696899414
0.010143041610717773
0.010157108306884766

0.014990806579589844
0.010235786437988281
0.012209892272949219
0.011262893676757812
0.010081052780151367
0.010106801986694336
0.00996708869934082
0.010084152221679688
0.01011514663696289
0.010194778442382812

0.015740156173706055
0.010035037994384766
0.01040506362915039
0.010140180587768555
0.01122593879699707
0.011189460754394531
0.010167121887207031
0.00998997688293457
0.010113000869750977
0.010196208953857422

0.014795064926147461
0.010277032852172852
0.010116100311279297
0.010137796401977539
0.009985685348510742
0.010205984115600586
0.010042190551757812
0.010118961334228516
0.010356903076171875
0.010100841522216797

0.012559890747070312
0.010537862777709961
0.010776996612548828
0.0110321044921875
0.010979175567626953
0.01215672492980957
0.012162923812866211
0.010822057723999023
0.012480974197387695
0.010921955108642578

0.012130975723266602
0.010454893112182617
0.011018991470336914
0.010719060897827148
0.010209083557128906
0.010994195938110352
0.013694047927856445
0.011104106903076172
0.011620044708251953
0.01164698600769043

0.02727198600769043
0.01006317138671875
0.010123968124389648
0.010044097900390625
0.010126113891601562
0.010301828384399414
0.010113954544067383
0.010070085525512695
0.010202169418334961
0.010022878646850586

0.01645207405090332
0.010049104690551758
0.010157108306884766
0.010030984878540039
0.010753154754638672
0.01002812385559082
0.010109901428222656
0.009977102279663086
0.010046005249023438
0.010106801986694336

0.012121200561523438
0.010088920593261719
0.010027647018432617
0.009999990463256836
0.009998083114624023
0.010002851486206055
0.01006317138671875
0.010146141052246094
0.01005101203918457
0.010032892227172852

0.0134429931640625
0.010302305221557617
0.010202884674072266
0.010110855102539062
0.010172843933105469
0.010045289993286133
0.010157108306884766
0.010361194610595703
0.010338068008422852
0.010159969329833984

0.015133857727050781
0.010309219360351562
0.010210037231445312
0.01001286506652832
0.010070085525512695
0.010022878646850586
0.010072708129882812
0.010092020034790039
0.010062932968139648
0.010085105895996094

0.012115955352783203
0.009991884231567383
0.010423898696899414
0.010013818740844727
0.009972095489501953
0.010011911392211914
0.009968280792236328
0.009992837905883789
0.010049104690551758
0.009962081909179688

0.013814926147460938
0.010188817977905273
0.010071039199829102
0.009959936141967773
0.010130167007446289
0.010057926177978516
0.01005697250366211
0.010121345520019531
0.010098934173583984
0.009978055953979492

