0.029778003692626953
0.010096073150634766
0.010741949081420898
0.010328292846679688
0.010430097579956055
0.010862112045288086
0.01006317138671875
0.010416984558105469
0.010901927947998047
0.010444879531860352

0.012099027633666992
0.010032176971435547
0.009974002838134766
0.009981870651245117
0.009994029998779297
0.010085821151733398
0.010050058364868164
0.01023101806640625
0.00989222526550293
0.010085105895996094

0.012137889862060547
0.010093927383422852
0.0101318359375
0.009957075119018555
0.01003408432006836
0.009948253631591797
0.010146141052246094
0.010287046432495117
0.010113716125488281
0.010185003280639648

0.012059688568115234
0.009935140609741211
0.010158061981201172
0.010050058364868164
0.010166645050048828
0.010133028030395508
0.010155200958251953
0.01015925407409668
0.010003089904785156
0.010125160217285156

0.013005971908569336
0.009951114654541016
0.01019430160522461
0.009987831115722656
0.009965896606445312
0.009901046752929688
0.009935855865478516
0.010119199752807617
0.009935855865478516
0.010005712509155273

0.015119791030883789
0.010127782821655273
0.010098934173583984
0.010293960571289062
0.010055780410766602
0.010174989700317383
0.010061979293823242
0.009970903396606445
0.010097742080688477
0.010257959365844727

0.012989997863769531
0.009966135025024414
0.010031938552856445
0.010076761245727539
0.009963035583496094
0.009873151779174805
0.009885072708129883
0.009919166564941406
0.010032892227172852
0.010046958923339844

0.012109994888305664
0.009984016418457031
0.010100364685058594
0.010015010833740234
0.010063886642456055
0.009911775588989258
0.009938955307006836
0.009943008422851562
0.010171175003051758
0.010128974914550781

0.013265848159790039
0.009966850280761719
0.00987863540649414
0.009857654571533203
0.009860754013061523
0.009961843490600586
0.00991368293762207
0.010000944137573242
0.009948253631591797
0.009945869445800781

0.013008832931518555
0.010043144226074219
0.010230064392089844
0.010158061981201172
0.010084152221679688
0.010043859481811523
0.010030031204223633
0.010014057159423828
0.0099029541015625
0.010111331939697266

0.013220787048339844
0.010495901107788086
0.010357141494750977
0.010267257690429688
0.010660171508789062
0.010465145111083984
0.011116743087768555
0.010399818420410156
0.010458946228027344
0.010575056076049805

0.01966118812561035
0.010012149810791016
0.009892940521240234
0.010059833526611328
0.010000944137573242
0.010190963745117188
0.00988006591796875
0.01007699966430664
0.010022163391113281
0.010170221328735352

0.01651477813720703
0.013953685760498047
0.014256000518798828
0.014252185821533203
0.014063835144042969
0.012272119522094727
0.013098955154418945
0.01281881332397461
0.014368057250976562
0.013276338577270508

0.013467073440551758
0.00995492935180664
0.010401010513305664
0.010226011276245117
0.010220050811767578
0.010212898254394531
0.010171890258789062
0.010142087936401367
0.01013493537902832
0.010066032409667969

0.02543497085571289
0.010268926620483398
0.010140180587768555
0.010230064392089844
0.010255098342895508
0.01022195816040039
0.010296821594238281
0.010291099548339844
0.010145902633666992
0.010302066802978516

0.025053977966308594
0.011110782623291016
0.010435104370117188
0.010197877883911133
0.010094881057739258
0.010241031646728516
0.010290145874023438
0.010168075561523438
0.010117769241333008
0.01005411148071289

