0.015434026718139648
0.011250972747802734
0.011069059371948242
0.011667013168334961
0.010847091674804688
0.010876178741455078
0.011732816696166992
0.010896921157836914
0.011617183685302734
0.011077165603637695

0.012289047241210938
0.010206937789916992
0.010179996490478516
0.010268926620483398
0.010018110275268555
0.01024007797241211
0.010263919830322266
0.010540008544921875
0.010178089141845703
0.01019597053527832

0.013722896575927734
0.010052919387817383
0.010152101516723633
0.009974002838134766
0.010071992874145508
0.01003408432006836
0.010111093521118164
0.010263919830322266
0.009974002838134766
0.01006007194519043

0.013247966766357422
0.010463953018188477
0.01011204719543457
0.010114192962646484
0.010148286819458008
0.01019287109375
0.010178089141845703
0.0102691650390625
0.010155916213989258
0.010146141052246094

