1.654168
2.485425
1.826878
2.382964
1.470932
1.516628
1.473765
1.503961
1.434150
1.558381

1.494020
1.477938
3.441328
1.444765
1.547650
1.877468
1.464411
1.432970
1.375306
1.449439

1.557614
1.517701
1.497627
1.445057
1.458939
1.435604
1.388143
1.515306
1.338306
1.506726

1.453331
1.488324
1.513353
1.358728
1.502989
1.797150
1.474648
1.464757
1.469167
1.501342

1.518697
1.482449
1.461510
1.466712
1.521162
1.428657
1.550429
1.519053
1.446407
1.467505

1.559265
1.587945
1.531553
1.606277
1.698269
1.528845
1.522497
1.489594
1.579493
1.527118

1.508748
1.376104
1.268458
1.439079
1.438334
1.462267
1.567587
1.517205
1.498267
1.995985

1.469588
1.512193
1.518410
1.416575
2.763291

