0.680330753326416
0.21621108055114746
0.1516411304473877
0.396697998046875
0.1421043872833252
0.2935318946838379
0.19353675842285156
0.7911727428436279
0.3341221809387207
0.2356114387512207
 
0.1439800262451172
0.17745637893676758
0.43128538131713867
0.3137953281402588
0.5625784397125244
0.6181864738464355
0.9464383125305176
0.14487171173095703
0.766695499420166
0.4894392490386963
 
0.47667455673217773
0.4737110137939453
0.6042277812957764
0.901505708694458
0.42694997787475586
0.2547616958618164
0.32669520378112793
0.3944692611694336
0.4166991710662842
0.27553749084472656
 
0.46874427795410156
0.2720372676849365
0.35056352615356445
0.25170350074768066
0.5576910972595215
0.8320987224578857
0.743304967880249
0.38758182525634766
0.3829364776611328
0.394852876663208
 
0.6392481327056885
1.3217132091522217
0.37428736686706543
0.651820182800293
0.29291868209838867
0.3756425380706787
0.3441734313964844
1.079423189163208
0.8066854476928711
0.6216154098510742
 
0.6067025661468506
0.8233263492584229
0.6539256572723389
1.1362524032592773
0.9173166751861572
0.5344502925872803
0.49567389488220215
0.5118355751037598
0.7569549083709717
0.6439163684844971
 
2.7513813972473145
1.3898930549621582
1.2904627323150635
1.9154341220855713
2.690368175506592
1.349015235900879
1.4589054584503174
1.4452357292175293
1.605947732925415
1.2447106838226318
 
7.838963508605957
7.346787691116333
6.788200855255127
6.6423444747924805
7.580615758895874
7.19618821144104
7.33340048789978
6.750708103179932
6.9399254322052
7.385762691497803
 
