0.25221920013427734
0.4581911563873291
0.38459038734436035
0.30474042892456055
0.2528970241546631
0.70100998878479
0.25657010078430176
0.25275421142578125
0.5223252773284912
0.47494006156921387
 
0.3178067207336426
0.3796670436859131
0.25422096252441406
0.32391786575317383
0.29988813400268555
0.35045838356018066
0.40913891792297363
0.2838585376739502
0.26240992546081543
0.39252448081970215
 
0.5491509437561035
0.3199596405029297
0.2725658416748047
0.28083372116088867
0.5470399856567383
0.7898013591766357
0.2783620357513428
0.55094313621521
0.33152174949645996
0.40403032302856445
 
0.48101282119750977
0.5245370864868164
0.523658275604248
0.5096163749694824
0.7694399356842041
0.6071481704711914
0.5794892311096191
0.43244433403015137
0.489943265914917
0.4622793197631836
 
0.8036525249481201
0.8130655288696289
0.7519011497497559
0.828561544418335
0.7506134510040283
1.0604915618896484
0.9207985401153564
0.7601029872894287
0.7515430450439453
0.7623600959777832
 
1.0715844631195068
1.2328262329101562
1.408618688583374
1.4304089546203613
1.2218239307403564
1.1262259483337402
1.1097421646118164
1.2077219486236572
1.1121959686279297
1.0190093517303467
 
2.392733573913574
2.1149826049804688
2.1596434116363525
1.8382389545440674
1.811244249343872
2.6107022762298584
1.979363203048706
2.2263832092285156
3.130873918533325
2.5158145427703857
 
8.876058101654053
8.383046865463257
9.299500942230225
8.250319242477417
8.937571048736572
8.721746921539307
8.09705662727356
8.109288215637207
8.091436862945557
8.530961990356445
 
