3.6352829933166504
0.4775867462158203
0.39756178855895996
0.6170060634613037
0.41478776931762695
0.4228510856628418
0.5101852416992188
0.38919591903686523
0.3858187198638916
0.7809460163116455
 
0.6629109382629395
0.435255765914917
0.4319159984588623
1.8565118312835693
0.3762669563293457
0.38624095916748047
0.4682939052581787
0.39057207107543945
0.6812601089477539
0.7343120574951172
 
0.7742431163787842
0.40508317947387695
0.41440486907958984
0.6424460411071777
0.4469728469848633
0.46042704582214355
0.5261321067810059
0.454103946685791
1.5031847953796387
1.2059690952301025
 
2.209033966064453
1.2674410343170166
1.7133159637451172
0.8284361362457275
1.0576882362365723
1.672999382019043
0.9986569881439209
0.7083508968353271
0.5327000617980957
0.8770391941070557
 
1.0394999980926514
0.7200071811676025
0.7665159702301025
0.8896729946136475
0.7195909023284912
1.132533073425293
0.8938131332397461
0.785485029220581
0.9207668304443359
0.7313363552093506
 
1.8045592308044434
2.7642099857330322
3.495277166366577
2.238450765609741
1.742922306060791
4.299803018569946
5.214899063110352
1.6137657165527344
1.9394137859344482
2.3852460384368896
 
6.005222797393799
5.354255199432373
5.848141193389893
5.827246189117432
23.76862907409668
4.672481060028076
7.063174724578857
10.284801006317139
5.635095119476318
5.0944108963012695
 
40.35342311859131
43.61843681335449
63.07639193534851
89.59480905532837
92.76561093330383

