0.4283461570739746
0.4415581226348877
0.5428650379180908
0.4668581485748291
0.37746644020080566
0.5420644283294678
0.4073600769042969
0.3978877067565918
0.7609069347381592
0.7987203598022461
 
0.39736223220825195
0.9834394454956055
0.41121435165405273
0.643477201461792
0.9518001079559326
0.4871482849121094
0.6902856826782227
0.638441801071167
0.38857388496398926
0.5347671508789062
 
0.41396665573120117
0.40343379974365234
0.6239409446716309
0.47136402130126953
0.5684874057769775
1.1267516613006592
1.6568617820739746
0.7079942226409912
0.5294101238250732
0.9152801036834717
 
1.5089635848999023
0.7962961196899414
0.9530489444732666
0.8062489032745361
1.330667495727539
1.1150286197662354
0.7034311294555664
0.933802604675293
1.2235596179962158
1.087327241897583
 
2.4929442405700684
1.8942241668701172
1.3858535289764404
1.3949928283691406
1.4497954845428467
1.5909318923950195
1.5235419273376465
1.6054892539978027
1.4187359809875488
1.8851568698883057
 
1.802910566329956
1.7571449279785156
1.6990118026733398
2.0134005546569824
1.8481535911560059
2.0346341133117676
1.8002684116363525
1.9673759937286377
1.503394365310669
1.8639347553253174
 
2.8947770595550537
3.040398120880127
2.639267683029175
3.0316367149353027
2.8043041229248047
2.7849514484405518
3.589622735977173
2.8014423847198486
3.3669533729553223
4.333832502365112
 
8.903574466705322
9.507549524307251
9.881282806396484
9.158942699432373
8.669742584228516
9.081293821334839
9.246293067932129
9.477796792984009
9.02878451347351
9.573266506195068
 
