0.33809733390808105
0.3307461738586426
0.3914206027984619
0.4246230125427246
0.5230507850646973
0.3386263847351074
0.3351438045501709
0.34766435623168945
0.3513660430908203
0.34258484840393066
 
0.47774314880371094
0.33800292015075684
0.3333609104156494
0.35475897789001465
0.344865083694458
0.42304468154907227
0.3361244201660156
0.338362455368042
0.3389716148376465
0.34984707832336426
 
0.4389479160308838
0.34704041481018066
0.44957399368286133
0.41095709800720215
0.586280107498169
0.41171860694885254
0.774871826171875
0.35927867889404297
0.48158931732177734
0.4025859832763672
 
0.6634271144866943
0.6487963199615479
0.7301876544952393
0.8055210113525391
0.6118566989898682
0.8471982479095459
0.6050317287445068
0.6047911643981934
0.7426886558532715
0.6144311428070068
 
1.115727424621582
1.169846534729004
1.123755931854248
1.1294846534729004
1.1091909408569336
1.1116852760314941
1.1048061847686768
1.1586272716522217
1.2102015018463135
1.1534559726715088
 
1.4493451118469238
1.493701696395874
1.5768861770629883
1.6036183834075928
1.5152482986450195
1.4906461238861084
1.546121597290039
1.4656071662902832
1.5396881103515625
1.4851303100585938
 
2.788597822189331
2.6080267429351807
2.5770936012268066
2.8842570781707764
2.5427629947662354
2.44044828414917
2.374948263168335
2.405762195587158
2.547633647918701
2.571937322616577
 
7.090555906295776
5.895126581192017
5.9850757122039795
5.5808515548706055
6.436156988143921
6.482341527938843
6.349270343780518
6.433145999908447
5.68963885307312
5.7923994064331055
 
